D	1	1000
N	1001	2000
alpha1	2001	3000
deviance	3001	4000
p0	4001	5000
psi	5001	6000
s[1,1]	6001	7000
s[1,2]	7001	8000
s[2,1]	8001	9000
s[2,2]	9001	10000
s[3,1]	10001	11000
s[3,2]	11001	12000
s[4,1]	12001	13000
s[4,2]	13001	14000
s[5,1]	14001	15000
s[5,2]	15001	16000
s[6,1]	16001	17000
s[6,2]	17001	18000
s[7,1]	18001	19000
s[7,2]	19001	20000
s[8,1]	20001	21000
s[8,2]	21001	22000
s[9,1]	22001	23000
s[9,2]	23001	24000
s[10,1]	24001	25000
s[10,2]	25001	26000
s[11,1]	26001	27000
s[11,2]	27001	28000
s[12,1]	28001	29000
s[12,2]	29001	30000
s[13,1]	30001	31000
s[13,2]	31001	32000
s[14,1]	32001	33000
s[14,2]	33001	34000
s[15,1]	34001	35000
s[15,2]	35001	36000
s[16,1]	36001	37000
s[16,2]	37001	38000
s[17,1]	38001	39000
s[17,2]	39001	40000
s[18,1]	40001	41000
s[18,2]	41001	42000
s[19,1]	42001	43000
s[19,2]	43001	44000
s[20,1]	44001	45000
s[20,2]	45001	46000
s[21,1]	46001	47000
s[21,2]	47001	48000
s[22,1]	48001	49000
s[22,2]	49001	50000
s[23,1]	50001	51000
s[23,2]	51001	52000
s[24,1]	52001	53000
s[24,2]	53001	54000
s[25,1]	54001	55000
s[25,2]	55001	56000
s[26,1]	56001	57000
s[26,2]	57001	58000
s[27,1]	58001	59000
s[27,2]	59001	60000
s[28,1]	60001	61000
s[28,2]	61001	62000
s[29,1]	62001	63000
s[29,2]	63001	64000
s[30,1]	64001	65000
s[30,2]	65001	66000
s[31,1]	66001	67000
s[31,2]	67001	68000
s[32,1]	68001	69000
s[32,2]	69001	70000
s[33,1]	70001	71000
s[33,2]	71001	72000
s[34,1]	72001	73000
s[34,2]	73001	74000
s[35,1]	74001	75000
s[35,2]	75001	76000
s[36,1]	76001	77000
s[36,2]	77001	78000
s[37,1]	78001	79000
s[37,2]	79001	80000
s[38,1]	80001	81000
s[38,2]	81001	82000
s[39,1]	82001	83000
s[39,2]	83001	84000
s[40,1]	84001	85000
s[40,2]	85001	86000
s[41,1]	86001	87000
s[41,2]	87001	88000
s[42,1]	88001	89000
s[42,2]	89001	90000
s[43,1]	90001	91000
s[43,2]	91001	92000
s[44,1]	92001	93000
s[44,2]	93001	94000
s[45,1]	94001	95000
s[45,2]	95001	96000
s[46,1]	96001	97000
s[46,2]	97001	98000
s[47,1]	98001	99000
s[47,2]	99001	100000
s[48,1]	100001	101000
s[48,2]	101001	102000
s[49,1]	102001	103000
s[49,2]	103001	104000
s[50,1]	104001	105000
s[50,2]	105001	106000
s[51,1]	106001	107000
s[51,2]	107001	108000
s[52,1]	108001	109000
s[52,2]	109001	110000
s[53,1]	110001	111000
s[53,2]	111001	112000
s[54,1]	112001	113000
s[54,2]	113001	114000
s[55,1]	114001	115000
s[55,2]	115001	116000
s[56,1]	116001	117000
s[56,2]	117001	118000
s[57,1]	118001	119000
s[57,2]	119001	120000
s[58,1]	120001	121000
s[58,2]	121001	122000
s[59,1]	122001	123000
s[59,2]	123001	124000
s[60,1]	124001	125000
s[60,2]	125001	126000
s[61,1]	126001	127000
s[61,2]	127001	128000
s[62,1]	128001	129000
s[62,2]	129001	130000
s[63,1]	130001	131000
s[63,2]	131001	132000
s[64,1]	132001	133000
s[64,2]	133001	134000
s[65,1]	134001	135000
s[65,2]	135001	136000
s[66,1]	136001	137000
s[66,2]	137001	138000
s[67,1]	138001	139000
s[67,2]	139001	140000
s[68,1]	140001	141000
s[68,2]	141001	142000
s[69,1]	142001	143000
s[69,2]	143001	144000
s[70,1]	144001	145000
s[70,2]	145001	146000
s[71,1]	146001	147000
s[71,2]	147001	148000
s[72,1]	148001	149000
s[72,2]	149001	150000
s[73,1]	150001	151000
s[73,2]	151001	152000
s[74,1]	152001	153000
s[74,2]	153001	154000
s[75,1]	154001	155000
s[75,2]	155001	156000
s[76,1]	156001	157000
s[76,2]	157001	158000
s[77,1]	158001	159000
s[77,2]	159001	160000
s[78,1]	160001	161000
s[78,2]	161001	162000
s[79,1]	162001	163000
s[79,2]	163001	164000
s[80,1]	164001	165000
s[80,2]	165001	166000
s[81,1]	166001	167000
s[81,2]	167001	168000
s[82,1]	168001	169000
s[82,2]	169001	170000
s[83,1]	170001	171000
s[83,2]	171001	172000
s[84,1]	172001	173000
s[84,2]	173001	174000
s[85,1]	174001	175000
s[85,2]	175001	176000
s[86,1]	176001	177000
s[86,2]	177001	178000
s[87,1]	178001	179000
s[87,2]	179001	180000
s[88,1]	180001	181000
s[88,2]	181001	182000
s[89,1]	182001	183000
s[89,2]	183001	184000
s[90,1]	184001	185000
s[90,2]	185001	186000
s[91,1]	186001	187000
s[91,2]	187001	188000
s[92,1]	188001	189000
s[92,2]	189001	190000
s[93,1]	190001	191000
s[93,2]	191001	192000
s[94,1]	192001	193000
s[94,2]	193001	194000
s[95,1]	194001	195000
s[95,2]	195001	196000
s[96,1]	196001	197000
s[96,2]	197001	198000
s[97,1]	198001	199000
s[97,2]	199001	200000
s[98,1]	200001	201000
s[98,2]	201001	202000
s[99,1]	202001	203000
s[99,2]	203001	204000
s[100,1]	204001	205000
s[100,2]	205001	206000
sigma	206001	207000
z[1]	207001	208000
z[2]	208001	209000
z[3]	209001	210000
z[4]	210001	211000
z[5]	211001	212000
z[6]	212001	213000
z[7]	213001	214000
z[8]	214001	215000
z[9]	215001	216000
z[10]	216001	217000
z[11]	217001	218000
z[12]	218001	219000
z[13]	219001	220000
z[14]	220001	221000
z[15]	221001	222000
z[16]	222001	223000
z[17]	223001	224000
z[18]	224001	225000
z[19]	225001	226000
z[20]	226001	227000
z[21]	227001	228000
z[22]	228001	229000
z[23]	229001	230000
z[24]	230001	231000
z[25]	231001	232000
z[26]	232001	233000
z[27]	233001	234000
z[28]	234001	235000
z[29]	235001	236000
z[30]	236001	237000
z[31]	237001	238000
z[32]	238001	239000
z[33]	239001	240000
z[34]	240001	241000
z[35]	241001	242000
z[36]	242001	243000
z[37]	243001	244000
z[38]	244001	245000
z[39]	245001	246000
z[40]	246001	247000
z[41]	247001	248000
z[42]	248001	249000
z[43]	249001	250000
z[44]	250001	251000
z[45]	251001	252000
z[46]	252001	253000
z[47]	253001	254000
z[48]	254001	255000
z[49]	255001	256000
z[50]	256001	257000
z[51]	257001	258000
z[52]	258001	259000
z[53]	259001	260000
z[54]	260001	261000
z[55]	261001	262000
z[56]	262001	263000
z[57]	263001	264000
z[58]	264001	265000
z[59]	265001	266000
z[60]	266001	267000
z[61]	267001	268000
z[62]	268001	269000
z[63]	269001	270000
z[64]	270001	271000
z[65]	271001	272000
z[66]	272001	273000
z[67]	273001	274000
z[68]	274001	275000
z[69]	275001	276000
z[70]	276001	277000
z[71]	277001	278000
z[72]	278001	279000
z[73]	279001	280000
z[74]	280001	281000
z[75]	281001	282000
z[76]	282001	283000
z[77]	283001	284000
z[78]	284001	285000
z[79]	285001	286000
z[80]	286001	287000
z[81]	287001	288000
z[82]	288001	289000
z[83]	289001	290000
z[84]	290001	291000
z[85]	291001	292000
z[86]	292001	293000
z[87]	293001	294000
z[88]	294001	295000
z[89]	295001	296000
z[90]	296001	297000
z[91]	297001	298000
z[92]	298001	299000
z[93]	299001	300000
z[94]	300001	301000
z[95]	301001	302000
z[96]	302001	303000
z[97]	303001	304000
z[98]	304001	305000
z[99]	305001	306000
z[100]	306001	307000
