1001	37.0
1002	43.0
1003	47.0
1004	42.0
1005	50.0
1006	52.0
1007	49.0
1008	46.0
1009	36.0
1010	28.0
1011	29.0
1012	22.0
1013	24.0
1014	18.0
1015	27.0
1016	25.0
1017	30.0
1018	21.0
1019	19.0
1020	25.0
1021	28.0
1022	27.0
1023	19.0
1024	14.0
1025	18.0
1026	30.0
1027	36.0
1028	35.0
1029	37.0
1030	31.0
1031	35.0
1032	28.0
1033	25.0
1034	25.0
1035	33.0
1036	30.0
1037	22.0
1038	26.0
1039	30.0
1040	37.0
1041	40.0
1042	40.0
1043	48.0
1044	40.0
1045	31.0
1046	26.0
1047	30.0
1048	34.0
1049	32.0
1050	27.0
1051	16.0
1052	18.0
1053	23.0
1054	24.0
1055	28.0
1056	26.0
1057	28.0
1058	31.0
1059	32.0
1060	36.0
1061	37.0
1062	42.0
1063	46.0
1064	50.0
1065	50.0
1066	45.0
1067	42.0
1068	42.0
1069	40.0
1070	44.0
1071	40.0
1072	52.0
1073	48.0
1074	52.0
1075	46.0
1076	48.0
1077	52.0
1078	49.0
1079	42.0
1080	48.0
1081	44.0
1082	42.0
1083	40.0
1084	39.0
1085	49.0
1086	47.0
1087	44.0
1088	47.0
1089	39.0
1090	45.0
1091	44.0
1092	50.0
1093	54.0
1094	57.0
1095	62.0
1096	62.0
1097	65.0
1098	65.0
1099	63.0
1100	59.0
1101	57.0
1102	56.0
1103	50.0
1104	55.0
1105	55.0
1106	52.0
1107	55.0
1108	53.0
1109	55.0
1110	50.0
1111	50.0
1112	56.0
1113	50.0
1114	51.0
1115	55.0
1116	56.0
1117	53.0
1118	48.0
1119	51.0
1120	58.0
1121	60.0
1122	61.0
1123	61.0
1124	58.0
1125	58.0
1126	56.0
1127	58.0
1128	57.0
1129	57.0
1130	59.0
1131	59.0
1132	53.0
1133	51.0
1134	47.0
1135	47.0
1136	51.0
1137	52.0
1138	52.0
1139	54.0
1140	56.0
1141	60.0
1142	57.0
1143	61.0
1144	62.0
1145	61.0
1146	59.0
1147	59.0
1148	54.0
1149	49.0
1150	54.0
1151	55.0
1152	59.0
1153	59.0
1154	64.0
1155	65.0
1156	65.0
1157	65.0
1158	63.0
1159	63.0
1160	62.0
1161	57.0
1162	57.0
1163	61.0
1164	63.0
1165	60.0
1166	62.0
1167	60.0
1168	59.0
1169	62.0
1170	59.0
1171	57.0
1172	56.0
1173	57.0
1174	47.0
1175	45.0
1176	46.0
1177	45.0
1178	52.0
1179	44.0
1180	48.0
1181	54.0
1182	54.0
1183	55.0
1184	54.0
1185	58.0
1186	55.0
1187	55.0
1188	54.0
1189	55.0
1190	50.0
1191	44.0
1192	44.0
1193	45.0
1194	51.0
1195	53.0
1196	51.0
1197	57.0
1198	58.0
1199	53.0
1200	46.0
1201	48.0
1202	40.0
1203	45.0
1204	46.0
1205	43.0
1206	45.0
1207	56.0
1208	51.0
1209	47.0
1210	51.0
1211	49.0
1212	50.0
1213	45.0
1214	49.0
1215	58.0
1216	56.0
1217	57.0
1218	55.0
1219	58.0
1220	60.0
1221	61.0
1222	60.0
1223	55.0
1224	58.0
1225	57.0
1226	49.0
1227	49.0
1228	47.0
1229	51.0
1230	52.0
1231	44.0
1232	44.0
1233	43.0
1234	43.0
1235	40.0
1236	43.0
1237	43.0
1238	38.0
1239	38.0
1240	45.0
1241	48.0
1242	52.0
1243	56.0
1244	58.0
1245	52.0
1246	45.0
1247	43.0
1248	46.0
1249	40.0
1250	38.0
1251	46.0
1252	47.0
1253	53.0
1254	45.0
1255	41.0
1256	37.0
1257	33.0
1258	35.0
1259	27.0
1260	23.0
1261	22.0
1262	27.0
1263	30.0
1264	30.0
1265	28.0
1266	37.0
1267	36.0
1268	39.0
1269	41.0
1270	44.0
1271	51.0
1272	47.0
1273	41.0
1274	38.0
1275	44.0
1276	43.0
1277	51.0
1278	46.0
1279	46.0
1280	46.0
1281	50.0
1282	52.0
1283	51.0
1284	51.0
1285	43.0
1286	41.0
1287	41.0
1288	29.0
1289	36.0
1290	33.0
1291	29.0
1292	27.0
1293	30.0
1294	30.0
1295	26.0
1296	37.0
1297	36.0
1298	33.0
1299	29.0
1300	30.0
1301	30.0
1302	40.0
1303	32.0
1304	37.0
1305	43.0
1306	41.0
1307	43.0
1308	49.0
1309	41.0
1310	45.0
1311	39.0
1312	32.0
1313	29.0
1314	26.0
1315	30.0
1316	34.0
1317	27.0
1318	22.0
1319	20.0
1320	18.0
1321	12.0
1322	14.0
1323	17.0
1324	18.0
1325	25.0
1326	25.0
1327	26.0
1328	22.0
1329	29.0
1330	32.0
1331	40.0
1332	38.0
1333	38.0
1334	35.0
1335	31.0
1336	32.0
1337	29.0
1338	23.0
1339	35.0
1340	43.0
1341	33.0
1342	34.0
1343	37.0
1344	36.0
1345	38.0
1346	42.0
1347	43.0
1348	46.0
1349	45.0
1350	38.0
1351	37.0
1352	33.0
1353	46.0
1354	52.0
1355	56.0
1356	60.0
1357	64.0
1358	64.0
1359	63.0
1360	58.0
1361	57.0
1362	60.0
1363	62.0
1364	65.0
1365	63.0
1366	63.0
1367	57.0
1368	60.0
1369	62.0
1370	61.0
1371	61.0
1372	60.0
1373	63.0
1374	61.0
1375	63.0
1376	62.0
1377	61.0
1378	62.0
1379	64.0
1380	63.0
1381	62.0
1382	64.0
1383	62.0
1384	60.0
1385	63.0
1386	65.0
1387	65.0
1388	65.0
1389	65.0
1390	65.0
1391	64.0
1392	62.0
1393	62.0
1394	61.0
1395	61.0
1396	64.0
1397	63.0
1398	63.0
1399	64.0
1400	63.0
1401	64.0
1402	65.0
1403	65.0
1404	63.0
1405	64.0
1406	62.0
1407	59.0
1408	64.0
1409	64.0
1410	64.0
1411	64.0
1412	63.0
1413	62.0
1414	60.0
1415	60.0
1416	60.0
1417	56.0
1418	59.0
1419	61.0
1420	62.0
1421	62.0
1422	54.0
1423	57.0
1424	55.0
1425	59.0
1426	61.0
1427	56.0
1428	55.0
1429	50.0
1430	46.0
1431	36.0
1432	40.0
1433	45.0
1434	52.0
1435	55.0
1436	59.0
1437	57.0
1438	58.0
1439	60.0
1440	58.0
1441	59.0
1442	60.0
1443	62.0
1444	62.0
1445	62.0
1446	65.0
1447	65.0
1448	62.0
1449	58.0
1450	51.0
1451	55.0
1452	58.0
1453	60.0
1454	56.0
1455	58.0
1456	55.0
1457	51.0
1458	53.0
1459	51.0
1460	48.0
1461	44.0
1462	44.0
1463	50.0
1464	49.0
1465	34.0
1466	41.0
1467	48.0
1468	47.0
1469	51.0
1470	45.0
1471	47.0
1472	47.0
1473	44.0
1474	37.0
1475	37.0
1476	26.0
1477	27.0
1478	29.0
1479	22.0
1480	29.0
1481	28.0
1482	28.0
1483	25.0
1484	31.0
1485	30.0
1486	27.0
1487	25.0
1488	23.0
1489	17.0
1490	25.0
1491	29.0
1492	32.0
1493	29.0
1494	26.0
1495	33.0
1496	35.0
1497	30.0
1498	30.0
1499	25.0
1500	24.0
1501	16.0
1502	18.0
1503	24.0
1504	30.0
1505	38.0
1506	39.0
1507	41.0
1508	40.0
1509	34.0
1510	29.0
1511	27.0
1512	30.0
1513	23.0
1514	21.0
1515	15.0
1516	16.0
1517	18.0
1518	18.0
1519	24.0
1520	19.0
1521	19.0
1522	13.0
1523	22.0
1524	18.0
1525	20.0
1526	23.0
1527	27.0
1528	22.0
1529	22.0
1530	15.0
1531	16.0
1532	23.0
1533	36.0
1534	35.0
1535	33.0
1536	38.0
1537	46.0
1538	47.0
1539	38.0
1540	34.0
1541	37.0
1542	30.0
1543	35.0
1544	41.0
1545	35.0
1546	40.0
1547	41.0
1548	40.0
1549	42.0
1550	49.0
1551	49.0
1552	40.0
1553	38.0
1554	41.0
1555	46.0
1556	49.0
1557	48.0
1558	53.0
1559	56.0
1560	54.0
1561	59.0
1562	56.0
1563	55.0
1564	48.0
1565	45.0
1566	40.0
1567	40.0
1568	38.0
1569	41.0
1570	46.0
1571	46.0
1572	48.0
1573	45.0
1574	44.0
1575	40.0
1576	47.0
1577	48.0
1578	51.0
1579	53.0
1580	59.0
1581	64.0
1582	61.0
1583	63.0
1584	63.0
1585	61.0
1586	59.0
1587	61.0
1588	63.0
1589	61.0
1590	60.0
1591	57.0
1592	53.0
1593	56.0
1594	54.0
1595	51.0
1596	51.0
1597	44.0
1598	44.0
1599	43.0
1600	42.0
1601	39.0
1602	36.0
1603	35.0
1604	34.0
1605	30.0
1606	30.0
1607	24.0
1608	21.0
1609	26.0
1610	27.0
1611	23.0
1612	25.0
1613	18.0
1614	24.0
1615	23.0
1616	23.0
1617	23.0
1618	31.0
1619	30.0
1620	37.0
1621	33.0
1622	39.0
1623	39.0
1624	39.0
1625	34.0
1626	35.0
1627	38.0
1628	28.0
1629	27.0
1630	36.0
1631	47.0
1632	53.0
1633	56.0
1634	47.0
1635	51.0
1636	44.0
1637	39.0
1638	44.0
1639	43.0
1640	37.0
1641	34.0
1642	37.0
1643	39.0
1644	36.0
1645	36.0
1646	39.0
1647	46.0
1648	50.0
1649	59.0
1650	57.0
1651	48.0
1652	46.0
1653	48.0
1654	46.0
1655	45.0
1656	46.0
1657	49.0
1658	54.0
1659	47.0
1660	38.0
1661	40.0
1662	43.0
1663	45.0
1664	41.0
1665	48.0
1666	38.0
1667	37.0
1668	28.0
1669	26.0
1670	27.0
1671	37.0
1672	43.0
1673	45.0
1674	47.0
1675	47.0
1676	49.0
1677	46.0
1678	47.0
1679	52.0
1680	54.0
1681	52.0
1682	51.0
1683	50.0
1684	53.0
1685	53.0
1686	52.0
1687	43.0
1688	48.0
1689	49.0
1690	53.0
1691	52.0
1692	57.0
1693	60.0
1694	56.0
1695	55.0
1696	53.0
1697	48.0
1698	43.0
1699	36.0
1700	41.0
1701	42.0
1702	41.0
1703	47.0
1704	58.0
1705	57.0
1706	60.0
1707	61.0
1708	61.0
1709	60.0
1710	61.0
1711	64.0
1712	63.0
1713	59.0
1714	58.0
1715	54.0
1716	52.0
1717	45.0
1718	52.0
1719	53.0
1720	53.0
1721	52.0
1722	58.0
1723	57.0
1724	64.0
1725	64.0
1726	62.0
1727	60.0
1728	60.0
1729	58.0
1730	55.0
1731	54.0
1732	57.0
1733	58.0
1734	60.0
1735	56.0
1736	56.0
1737	60.0
1738	59.0
1739	57.0
1740	58.0
1741	55.0
1742	55.0
1743	54.0
1744	55.0
1745	59.0
1746	58.0
1747	59.0
1748	60.0
1749	63.0
1750	63.0
1751	63.0
1752	62.0
1753	63.0
1754	58.0
1755	57.0
1756	52.0
1757	54.0
1758	57.0
1759	56.0
1760	56.0
1761	53.0
1762	44.0
1763	42.0
1764	51.0
1765	48.0
1766	52.0
1767	49.0
1768	51.0
1769	43.0
1770	48.0
1771	38.0
1772	42.0
1773	42.0
1774	43.0
1775	43.0
1776	59.0
1777	60.0
1778	61.0
1779	59.0
1780	59.0
1781	61.0
1782	62.0
1783	54.0
1784	62.0
1785	64.0
1786	60.0
1787	62.0
1788	62.0
1789	63.0
1790	63.0
1791	55.0
1792	54.0
1793	56.0
1794	56.0
1795	60.0
1796	64.0
1797	63.0
1798	62.0
1799	62.0
1800	65.0
1801	65.0
1802	65.0
1803	65.0
1804	64.0
1805	62.0
1806	59.0
1807	59.0
1808	59.0
1809	57.0
1810	56.0
1811	60.0
1812	55.0
1813	53.0
1814	53.0
1815	51.0
1816	43.0
1817	53.0
1818	47.0
1819	49.0
1820	41.0
1821	43.0
1822	43.0
1823	43.0
1824	48.0
1825	41.0
1826	42.0
1827	43.0
1828	30.0
1829	28.0
1830	26.0
1831	27.0
1832	22.0
1833	26.0
1834	25.0
1835	24.0
1836	30.0
1837	28.0
1838	34.0
1839	40.0
1840	36.0
1841	42.0
1842	39.0
1843	31.0
1844	35.0
1845	35.0
1846	32.0
1847	25.0
1848	36.0
1849	37.0
1850	39.0
1851	44.0
1852	48.0
1853	48.0
1854	54.0
1855	54.0
1856	54.0
1857	53.0
1858	49.0
1859	51.0
1860	56.0
1861	55.0
1862	54.0
1863	61.0
1864	64.0
1865	63.0
1866	60.0
1867	60.0
1868	60.0
1869	54.0
1870	48.0
1871	41.0
1872	39.0
1873	42.0
1874	45.0
1875	37.0
1876	42.0
1877	36.0
1878	36.0
1879	21.0
1880	23.0
1881	26.0
1882	22.0
1883	20.0
1884	21.0
1885	21.0
1886	24.0
1887	28.0
1888	28.0
1889	39.0
1890	45.0
1891	38.0
1892	42.0
1893	38.0
1894	31.0
1895	31.0
1896	35.0
1897	32.0
1898	25.0
1899	22.0
1900	25.0
1901	21.0
1902	23.0
1903	28.0
1904	28.0
1905	22.0
1906	30.0
1907	30.0
1908	35.0
1909	37.0
1910	36.0
1911	35.0
1912	29.0
1913	31.0
1914	36.0
1915	39.0
1916	42.0
1917	40.0
1918	27.0
1919	40.0
1920	44.0
1921	45.0
1922	54.0
1923	54.0
1924	51.0
1925	47.0
1926	47.0
1927	47.0
1928	44.0
1929	49.0
1930	50.0
1931	57.0
1932	61.0
1933	62.0
1934	61.0
1935	59.0
1936	60.0
1937	59.0
1938	59.0
1939	58.0
1940	61.0
1941	65.0
1942	64.0
1943	65.0
1944	64.0
1945	64.0
1946	64.0
1947	62.0
1948	62.0
1949	58.0
1950	58.0
1951	58.0
1952	63.0
1953	55.0
1954	40.0
1955	33.0
1956	36.0
1957	35.0
1958	24.0
1959	25.0
1960	27.0
1961	28.0
1962	21.0
1963	21.0
1964	22.0
1965	20.0
1966	29.0
1967	29.0
1968	30.0
1969	29.0
1970	27.0
1971	28.0
1972	27.0
1973	24.0
1974	21.0
1975	21.0
1976	29.0
1977	31.0
1978	27.0
1979	22.0
1980	20.0
1981	22.0
1982	24.0
1983	21.0
1984	30.0
1985	34.0
1986	35.0
1987	37.0
1988	32.0
1989	34.0
1990	28.0
1991	31.0
1992	27.0
1993	18.0
1994	21.0
1995	28.0
1996	28.0
1997	28.0
1998	39.0
1999	43.0
2000	42.0
1001	0.03853
1002	0.04649
1003	0.03641
1004	0.1126
1005	0.07033
1006	0.01163
1007	0.05018
1008	0.159
1009	0.163
1010	0.004781
1011	0.09771
1012	0.1381
1013	0.009825
1014	0.02563
1015	0.2411
1016	0.1922
1017	0.04094
1018	0.01926
1019	0.07538
1020	0.1528
1021	0.07692
1022	0.002256
1023	0.03476
1024	0.0145
1025	0.1124
1026	0.01544
1027	0.05459
1028	0.007989
1029	0.0334
1030	0.05947
1031	0.1289
1032	0.1064
1033	0.1439
1034	0.1639
1035	0.1376
1036	0.04254
1037	0.08082
1038	0.1421
1039	0.3087
1040	0.2779
1041	0.07764
1042	0.03872
1043	0.01096
1044	0.005161
1045	0.06174
1046	0.1277
1047	0.1699
1048	0.1612
1049	0.1386
1050	0.2086
1051	0.224
1052	0.2333
1053	0.01625
1054	0.1416
1055	0.01075
1056	0.004392
1057	0.04676
1058	0.03788
1059	0.01903
1060	0.01856
1061	0.2152
1062	0.1898
1063	0.2969
1064	0.01795
1065	0.05887
1066	0.08318
1067	0.1375
1068	0.2492
1069	0.3419
1070	0.007636
1071	0.1613
1072	0.2181
1073	0.1276
1074	0.1188
1075	0.01962
1076	0.03671
1077	0.06947
1078	0.1579
1079	0.1792
1080	0.09158
1081	0.0598
1082	0.2559
1083	0.2906
1084	0.2075
1085	0.4525
1086	0.4513
1087	0.3205
1088	0.2995
1089	0.1712
1090	0.05203
1091	0.2139
1092	0.1529
1093	0.1295
1094	0.09411
1095	0.1068
1096	0.1043
1097	0.004394
1098	0.006639
1099	0.0929
1100	0.1353
1101	0.1172
1102	0.05322
1103	0.03394
1104	0.09143
1105	0.01574
1106	0.04872
1107	0.111
1108	0.08627
1109	0.02919
1110	0.3935
1111	0.281
1112	0.1724
1113	0.1878
1114	0.1609
1115	0.1391
1116	0.1543
1117	0.1367
1118	0.2658
1119	0.5184
1120	0.3787
1121	0.4048
1122	0.4008
1123	0.1174
1124	0.00325
1125	0.007449
1126	0.07105
1127	0.05405
1128	0.01287
1129	0.04212
1130	0.0955
1131	0.205
1132	0.2332
1133	0.2046
1134	0.2447
1135	0.06203
1136	0.0134
1137	0.03067
1138	0.02933
1139	0.009836
1140	0.03237
1141	0.2188
1142	0.1342
1143	0.1344
1144	0.1654
1145	0.09152
1146	0.1757
1147	0.06813
1148	0.06638
1149	0.01968
1150	0.1029
1151	0.08939
1152	0.149
1153	0.04634
1154	0.08437
1155	0.06712
1156	0.06579
1157	0.03768
1158	0.06327
1159	0.04501
1160	0.04927
1161	0.02092
1162	0.06816
1163	0.02138
1164	0.0627
1165	0.05728
1166	0.1297
1167	0.06054
1168	0.1841
1169	0.06445
1170	0.2136
1171	0.2183
1172	0.3058
1173	0.1044
1174	0.06341
1175	0.06061
1176	0.03453
1177	0.002126
1178	0.003621
1179	0.02027
1180	0.0895
1181	0.06869
1182	0.02407
1183	0.02382
1184	0.07044
1185	0.1006
1186	0.01063
1187	0.03538
1188	0.1038
1189	0.1523
1190	0.0821
1191	0.08198
1192	0.07831
1193	0.04674
1194	0.09143
1195	0.04031
1196	0.08157
1197	0.2577
1198	0.3671
1199	0.07391
1200	0.1624
1201	0.1664
1202	0.09993
1203	0.08213
1204	0.08373
1205	0.07434
1206	0.008838
1207	0.003408
1208	0.03206
1209	0.04959
1210	0.06572
1211	0.01854
1212	0.0689
1213	0.1122
1214	0.07744
1215	0.01912
1216	0.08072
1217	0.1063
1218	0.05587
1219	0.1586
1220	0.1324
1221	0.09815
1222	0.2253
1223	0.04403
1224	0.07401
1225	0.06935
1226	0.04724
1227	0.03059
1228	0.001138
1229	0.04616
1230	0.1651
1231	0.2224
1232	0.1986
1233	0.1989
1234	0.01775
1235	0.002511
1236	0.01168
1237	0.006469
1238	0.003816
1239	0.005808
1240	0.1596
1241	0.108
1242	0.1271
1243	0.1419
1244	0.11
1245	0.04546
1246	0.04413
1247	0.01017
1248	0.1095
1249	0.06311
1250	0.163
1251	0.1436
1252	0.2578
1253	0.1797
1254	0.1333
1255	0.06165
1256	0.05441
1257	0.03059
1258	0.01516
1259	0.1276
1260	0.07106
1261	0.115
1262	0.1099
1263	0.0275
1264	0.07337
1265	0.1181
1266	0.1491
1267	0.1229
1268	0.1217
1269	0.2712
1270	0.03097
1271	0.0482
1272	0.09152
1273	0.0534
1274	0.07965
1275	0.1657
1276	0.02549
1277	0.04121
1278	0.1036
1279	0.1327
1280	0.1003
1281	0.09134
1282	1.302E-4
1283	0.07887
1284	0.1411
1285	0.2093
1286	0.2188
1287	0.1532
1288	0.0162
1289	0.1831
1290	0.205
1291	0.1327
1292	0.05838
1293	0.1941
1294	0.1501
1295	0.04719
1296	0.2422
1297	0.1466
1298	0.1088
1299	0.03991
1300	0.06614
1301	0.06286
1302	0.1667
1303	0.2178
1304	0.2059
1305	0.1766
1306	0.08325
1307	0.04089
1308	0.007373
1309	0.02058
1310	0.03981
1311	0.0705
1312	0.08037
1313	0.1231
1314	0.113
1315	0.313
1316	0.2147
1317	0.2222
1318	0.2614
1319	0.3007
1320	0.1052
1321	0.03817
1322	0.03931
1323	0.02074
1324	0.06239
1325	0.0409
1326	0.134
1327	0.1066
1328	0.09671
1329	0.1926
1330	0.1876
1331	0.0719
1332	0.01904
1333	0.06325
1334	0.08769
1335	0.1628
1336	0.4192
1337	0.5226
1338	0.5215
1339	0.02728
1340	0.005978
1341	0.07526
1342	0.1992
1343	0.3685
1344	0.009723
1345	0.01347
1346	0.02722
1347	0.07641
1348	0.1954
1349	0.2222
1350	0.2179
1351	0.1064
1352	0.1944
1353	0.1454
1354	0.07418
1355	0.03038
1356	0.01941
1357	0.02819
1358	0.07612
1359	0.1154
1360	0.1448
1361	0.0239
1362	0.0389
1363	0.06702
1364	0.006621
1365	0.09125
1366	0.005703
1367	0.0967
1368	0.212
1369	0.1918
1370	0.1767
1371	0.08646
1372	0.1137
1373	0.08821
1374	0.03675
1375	0.0132
1376	0.07514
1377	0.01692
1378	0.05662
1379	0.1748
1380	0.1311
1381	0.05645
1382	0.07168
1383	0.1749
1384	0.4053
1385	0.0682
1386	0.04781
1387	0.1048
1388	0.02416
1389	0.04356
1390	0.1173
1391	0.02074
1392	0.01074
1393	0.01701
1394	0.06174
1395	0.1015
1396	0.1336
1397	0.1048
1398	0.23
1399	0.1595
1400	0.1677
1401	0.2387
1402	0.02543
1403	0.06494
1404	0.04783
1405	0.01371
1406	0.02598
1407	0.07541
1408	0.00348
1409	0.1854
1410	0.07594
1411	0.5892
1412	0.2007
1413	0.2215
1414	0.04179
1415	0.1277
1416	0.03356
1417	0.04003
1418	0.01208
1419	0.1423
1420	0.009594
1421	0.003077
1422	0.04955
1423	0.1076
1424	0.02719
1425	0.1379
1426	0.07067
1427	0.05827
1428	0.006708
1429	0.05746
1430	0.01989
1431	0.2314
1432	0.2388
1433	0.04667
1434	0.1055
1435	0.1245
1436	0.05102
1437	0.04516
1438	0.006123
1439	0.01519
1440	0.1692
1441	0.1243
1442	0.1467
1443	0.0247
1444	0.09995
1445	0.2665
1446	0.08601
1447	0.05661
1448	0.03088
1449	0.02654
1450	0.05131
1451	0.03685
1452	0.009828
1453	0.09369
1454	0.0281
1455	0.01455
1456	0.04347
1457	0.05747
1458	0.04153
1459	0.06721
1460	0.008668
1461	0.1544
1462	0.1041
1463	0.0962
1464	0.03643
1465	0.00777
1466	0.06635
1467	0.06268
1468	0.1211
1469	0.2172
1470	0.07927
1471	0.1015
1472	0.01547
1473	0.1219
1474	0.06858
1475	0.07399
1476	0.1178
1477	0.04651
1478	0.06462
1479	0.2301
1480	0.03588
1481	0.09762
1482	0.05524
1483	0.1135
1484	0.1031
1485	0.1673
1486	0.1269
1487	0.07141
1488	0.1867
1489	0.03814
1490	0.03055
1491	0.00657
1492	0.001655
1493	0.1547
1494	0.1312
1495	0.09689
1496	0.06805
1497	0.1649
1498	0.09029
1499	0.1047
1500	0.1624
1501	0.3749
1502	0.1681
1503	0.0142
1504	0.008282
1505	0.111
1506	0.0413
1507	0.04058
1508	0.03049
1509	0.001438
1510	0.2657
1511	0.1876
1512	0.06195
1513	0.0253
1514	0.09939
1515	0.1684
1516	0.07946
1517	0.03396
1518	0.1351
1519	0.02897
1520	0.05596
1521	0.1283
1522	0.03308
1523	0.05133
1524	0.102
1525	0.04493
1526	0.03446
1527	0.1343
1528	1.697E-5
1529	0.07591
1530	0.2005
1531	0.135
1532	0.09738
1533	0.2084
1534	0.05993
1535	0.2764
1536	0.1768
1537	0.234
1538	0.1284
1539	0.07579
1540	0.06573
1541	0.002562
1542	2.278E-4
1543	0.2481
1544	0.2075
1545	0.1658
1546	0.2718
1547	0.1011
1548	0.07599
1549	0.1069
1550	0.1125
1551	0.07697
1552	0.2805
1553	0.5401
1554	0.4638
1555	0.447
1556	0.4348
1557	0.1884
1558	0.2671
1559	0.08817
1560	0.1019
1561	0.003956
1562	0.0197
1563	0.0699
1564	0.04509
1565	0.3148
1566	0.03351
1567	0.1138
1568	0.1817
1569	0.1169
1570	0.08243
1571	0.07598
1572	0.153
1573	0.07172
1574	0.04391
1575	0.2752
1576	0.09077
1577	0.1442
1578	0.2386
1579	0.2405
1580	0.2394
1581	0.2273
1582	0.01793
1583	0.001559
1584	0.08344
1585	0.25
1586	0.2201
1587	0.0498
1588	0.2964
1589	0.002229
1590	0.002058
1591	0.09983
1592	0.1152
1593	0.08099
1594	0.02582
1595	0.05581
1596	0.09826
1597	0.1391
1598	0.1342
1599	0.2244
1600	0.08744
1601	0.1004
1602	0.2733
1603	0.1457
1604	0.05634
1605	0.1004
1606	0.00247
1607	0.0717
1608	0.04304
1609	0.01054
1610	0.04803
1611	0.1117
1612	0.06498
1613	0.0338
1614	0.02867
1615	0.02686
1616	0.0337
1617	0.05328
1618	0.1082
1619	0.2062
1620	0.009237
1621	0.016
1622	0.1713
1623	0.1733
1624	0.01485
1625	0.02336
1626	0.09792
1627	0.06877
1628	0.03985
1629	0.02032
1630	0.03729
1631	0.05432
1632	0.09488
1633	0.01376
1634	0.004408
1635	0.2078
1636	0.1842
1637	0.01527
1638	0.008414
1639	0.1007
1640	0.09198
1641	0.04958
1642	0.03818
1643	0.1263
1644	0.04692
1645	0.05895
1646	0.06929
1647	0.2673
1648	0.2371
1649	0.2346
1650	0.131
1651	0.09937
1652	0.1177
1653	0.0485
1654	0.0148
1655	0.04446
1656	0.2747
1657	0.003302
1658	0.1451
1659	0.06155
1660	0.06657
1661	0.09062
1662	0.04759
1663	0.05892
1664	0.0723
1665	0.1694
1666	0.1533
1667	0.01936
1668	0.0245
1669	0.05794
1670	0.1659
1671	0.01119
1672	0.04261
1673	0.09345
1674	0.06131
1675	0.0641
1676	0.2531
1677	0.2425
1678	0.195
1679	0.1324
1680	0.1332
1681	0.04828
1682	0.01403
1683	0.1056
1684	0.1335
1685	0.09751
1686	0.05231
1687	0.0678
1688	0.2241
1689	0.1969
1690	0.1362
1691	0.1258
1692	0.1017
1693	0.1414
1694	0.005756
1695	0.02608
1696	0.01971
1697	0.05769
1698	0.06752
1699	0.2236
1700	0.2803
1701	0.00547
1702	0.2318
1703	0.2034
1704	0.07473
1705	0.04015
1706	0.04666
1707	0.08617
1708	0.06444
1709	0.001314
1710	0.0684
1711	0.1947
1712	0.1693
1713	0.2725
1714	0.0382
1715	2.539E-4
1716	0.005829
1717	0.02711
1718	0.1704
1719	0.1565
1720	0.1338
1721	0.3288
1722	0.1932
1723	0.03594
1724	0.05359
1725	0.08239
1726	0.09719
1727	0.1426
1728	0.213
1729	0.01685
1730	0.0316
1731	0.05646
1732	0.1498
1733	0.1959
1734	0.2402
1735	0.148
1736	0.3018
1737	0.3288
1738	0.09894
1739	0.0991
1740	0.1275
1741	0.2716
1742	0.226
1743	0.2746
1744	0.2355
1745	0.287
1746	0.03687
1747	0.2727
1748	0.1416
1749	0.04859
1750	0.08741
1751	0.08587
1752	0.1541
1753	0.05375
1754	0.1026
1755	0.1566
1756	0.0377
1757	0.02882
1758	0.04977
1759	0.0615
1760	0.05142
1761	0.1568
1762	0.1208
1763	0.1767
1764	0.2306
1765	0.08592
1766	0.1706
1767	0.2355
1768	0.01105
1769	0.1766
1770	0.0916
1771	0.1112
1772	0.1774
1773	0.1815
1774	0.08567
1775	0.04552
1776	0.3028
1777	0.4858
1778	0.215
1779	0.2899
1780	0.1672
1781	0.01645
1782	0.01661
1783	0.1106
1784	0.1201
1785	0.01359
1786	0.005511
1787	0.03393
1788	0.05367
1789	0.00737
1790	0.1102
1791	0.08366
1792	0.0735
1793	0.07608
1794	0.1401
1795	0.1975
1796	0.01005
1797	0.3538
1798	0.2682
1799	0.2465
1800	0.2099
1801	0.06266
1802	0.09176
1803	0.2123
1804	0.1441
1805	0.2535
1806	0.1757
1807	0.1186
1808	0.2368
1809	0.174
1810	0.1121
1811	0.3055
1812	0.402
1813	0.0745
1814	0.192
1815	0.05756
1816	0.05595
1817	0.006692
1818	0.03807
1819	0.07094
1820	0.09946
1821	0.01266
1822	0.2307
1823	0.1777
1824	0.0659
1825	0.005844
1826	0.008106
1827	0.09354
1828	0.001814
1829	0.2432
1830	0.07702
1831	0.08873
1832	0.1574
1833	0.2193
1834	0.4056
1835	0.6935
1836	0.1858
1837	0.09348
1838	0.04806
1839	0.009293
1840	0.06356
1841	0.05149
1842	0.02638
1843	0.02264
1844	0.03494
1845	0.04279
1846	0.0573
1847	0.01718
1848	0.0182
1849	0.1132
1850	0.1173
1851	0.03662
1852	0.01431
1853	0.006162
1854	0.005397
1855	0.01937
1856	0.1035
1857	0.08101
1858	0.09315
1859	0.1008
1860	0.2673
1861	0.1691
1862	0.0802
1863	0.09437
1864	0.2637
1865	0.286
1866	0.3296
1867	0.03283
1868	0.1755
1869	0.05402
1870	0.1671
1871	0.05225
1872	0.08597
1873	0.08396
1874	0.01948
1875	0.03427
1876	0.1094
1877	0.1949
1878	0.2043
1879	0.128
1880	0.2572
1881	0.204
1882	0.248
1883	0.2457
1884	0.09708
1885	0.1006
1886	0.1161
1887	0.1668
1888	0.03914
1889	0.1061
1890	0.1996
1891	0.2018
1892	0.08353
1893	0.04058
1894	0.003683
1895	0.05019
1896	0.01496
1897	0.1026
1898	0.2116
1899	0.1011
1900	0.02088
1901	0.07065
1902	0.01352
1903	6.146E-4
1904	0.06125
1905	0.1291
1906	0.04402
1907	0.02841
1908	0.004637
1909	0.06956
1910	0.03861
1911	0.2853
1912	0.03404
1913	0.04372
1914	0.04591
1915	0.02806
1916	0.1476
1917	0.09197
1918	0.05701
1919	0.05543
1920	0.02793
1921	0.007446
1922	0.05945
1923	0.1334
1924	0.06602
1925	0.02918
1926	0.1445
1927	0.06505
1928	0.1887
1929	0.1424
1930	0.1352
1931	0.1343
1932	0.02243
1933	0.05369
1934	0.2024
1935	0.1587
1936	0.2476
1937	0.2563
1938	0.2758
1939	0.1953
1940	0.02819
1941	0.03076
1942	0.0362
1943	0.08677
1944	0.01499
1945	0.05822
1946	0.01155
1947	0.2439
1948	0.02086
1949	0.01761
1950	0.09709
1951	0.0783
1952	0.1033
1953	2.702E-4
1954	0.0178
1955	0.02856
1956	0.113
1957	0.2581
1958	0.07807
1959	0.07677
1960	0.004329
1961	0.09262
1962	0.06472
1963	0.01721
1964	0.04288
1965	0.009597
1966	0.3609
1967	0.2136
1968	0.1028
1969	0.1092
1970	0.07152
1971	0.04673
1972	0.05403
1973	0.04324
1974	0.1794
1975	0.006136
1976	0.03042
1977	0.02228
1978	0.1701
1979	0.1946
1980	0.2402
1981	0.01593
1982	0.04614
1983	0.01131
1984	0.06562
1985	0.1252
1986	0.005506
1987	0.1485
1988	0.1178
1989	0.3132
1990	0.3143
1991	0.01384
1992	0.0201
1993	0.3571
1994	0.1662
1995	0.06977
1996	0.0975
1997	0.003555
1998	0.02471
1999	0.1456
2000	0.08499
1001	97.13
1002	101.2
1003	102.0
1004	94.15
1005	94.29
1006	94.69
1007	94.93
1008	97.77
1009	99.11
1010	94.29
1011	93.86
1012	88.4
1013	84.71
1014	79.31
1015	80.76
1016	84.23
1017	84.73
1018	82.88
1019	89.01
1020	92.63
1021	85.35
1022	92.5
1023	85.25
1024	93.89
1025	88.65
1026	99.74
1027	107.6
1028	106.3
1029	111.8
1030	110.9
1031	110.9
1032	110.2
1033	107.0
1034	108.8
1035	103.3
1036	108.2
1037	104.4
1038	101.6
1039	110.3
1040	118.7
1041	112.6
1042	100.9
1043	108.5
1044	100.2
1045	113.1
1046	106.1
1047	115.7
1048	107.2
1049	104.8
1050	99.13
1051	99.89
1052	105.0
1053	103.8
1054	103.3
1055	107.0
1056	101.4
1057	102.0
1058	117.3
1059	113.4
1060	108.6
1061	118.4
1062	114.3
1063	119.7
1064	117.6
1065	117.6
1066	114.7
1067	115.9
1068	123.7
1069	123.4
1070	116.4
1071	113.0
1072	115.9
1073	113.4
1074	117.7
1075	118.8
1076	121.0
1077	121.9
1078	123.6
1079	117.1
1080	114.0
1081	117.6
1082	124.4
1083	113.9
1084	120.3
1085	121.6
1086	124.9
1087	119.2
1088	117.8
1089	118.6
1090	115.7
1091	120.0
1092	120.6
1093	118.5
1094	120.8
1095	124.6
1096	122.9
1097	124.9
1098	127.2
1099	117.5
1100	112.9
1101	114.1
1102	110.5
1103	107.6
1104	114.7
1105	116.6
1106	112.8
1107	117.1
1108	111.6
1109	125.3
1110	124.9
1111	130.9
1112	128.5
1113	120.5
1114	119.7
1115	119.4
1116	123.7
1117	117.6
1118	121.2
1119	126.1
1120	130.9
1121	127.3
1122	127.8
1123	121.4
1124	126.1
1125	121.6
1126	112.3
1127	131.7
1128	124.1
1129	113.8
1130	115.2
1131	121.9
1132	117.1
1133	115.8
1134	115.2
1135	111.2
1136	118.9
1137	116.7
1138	107.9
1139	101.6
1140	103.6
1141	119.4
1142	117.2
1143	116.4
1144	117.4
1145	121.8
1146	121.6
1147	121.7
1148	120.3
1149	120.9
1150	120.4
1151	110.1
1152	110.4
1153	105.0
1154	111.8
1155	113.0
1156	103.4
1157	110.4
1158	107.0
1159	103.9
1160	104.7
1161	108.8
1162	105.9
1163	94.15
1164	95.74
1165	94.39
1166	107.6
1167	108.5
1168	100.3
1169	106.6
1170	104.3
1171	109.4
1172	109.9
1173	109.5
1174	101.5
1175	110.5
1176	110.1
1177	105.2
1178	111.5
1179	107.8
1180	113.6
1181	117.5
1182	117.5
1183	129.8
1184	122.0
1185	117.1
1186	113.2
1187	115.3
1188	116.3
1189	121.3
1190	116.4
1191	107.6
1192	112.7
1193	113.4
1194	112.7
1195	114.5
1196	111.0
1197	117.6
1198	117.8
1199	117.6
1200	106.5
1201	104.3
1202	109.0
1203	112.4
1204	106.8
1205	110.5
1206	108.7
1207	117.7
1208	115.0
1209	111.0
1210	111.3
1211	110.3
1212	116.7
1213	114.3
1214	119.6
1215	122.4
1216	116.7
1217	119.2
1218	124.3
1219	121.5
1220	117.8
1221	114.0
1222	115.0
1223	121.8
1224	130.5
1225	122.7
1226	117.8
1227	114.6
1228	110.6
1229	109.6
1230	105.1
1231	114.8
1232	106.3
1233	111.5
1234	108.0
1235	103.6
1236	105.8
1237	106.6
1238	110.4
1239	108.1
1240	117.9
1241	123.6
1242	124.7
1243	125.2
1244	117.9
1245	116.9
1246	117.5
1247	113.4
1248	110.3
1249	112.5
1250	110.4
1251	119.0
1252	118.1
1253	115.9
1254	109.0
1255	101.1
1256	109.5
1257	112.4
1258	107.4
1259	104.8
1260	103.4
1261	100.2
1262	101.1
1263	99.11
1264	108.7
1265	111.2
1266	121.4
1267	114.9
1268	114.0
1269	112.1
1270	116.8
1271	119.4
1272	118.4
1273	119.3
1274	119.0
1275	110.5
1276	100.7
1277	106.8
1278	98.55
1279	100.2
1280	100.7
1281	103.3
1282	103.4
1283	97.22
1284	110.4
1285	110.8
1286	105.1
1287	115.3
1288	107.2
1289	111.0
1290	105.0
1291	107.1
1292	110.1
1293	107.5
1294	103.6
1295	109.6
1296	107.5
1297	112.3
1298	108.0
1299	106.1
1300	106.1
1301	106.8
1302	113.1
1303	108.9
1304	116.1
1305	122.2
1306	108.1
1307	118.0
1308	121.6
1309	113.4
1310	111.7
1311	110.4
1312	112.1
1313	109.7
1314	106.0
1315	114.8
1316	111.1
1317	111.1
1318	109.4
1319	108.4
1320	98.63
1321	93.12
1322	97.29
1323	96.51
1324	95.27
1325	105.7
1326	111.5
1327	107.8
1328	105.2
1329	112.8
1330	107.2
1331	112.9
1332	114.4
1333	116.1
1334	115.3
1335	115.7
1336	119.4
1337	118.6
1338	118.2
1339	113.3
1340	118.2
1341	110.6
1342	109.8
1343	115.4
1344	110.3
1345	109.7
1346	106.2
1347	112.6
1348	113.9
1349	113.2
1350	111.2
1351	110.5
1352	111.0
1353	117.3
1354	119.3
1355	109.3
1356	114.4
1357	113.8
1358	120.1
1359	107.3
1360	109.5
1361	111.1
1362	112.6
1363	117.7
1364	120.7
1365	122.4
1366	122.8
1367	123.5
1368	123.6
1369	123.8
1370	115.9
1371	118.8
1372	125.3
1373	125.0
1374	119.0
1375	114.9
1376	110.3
1377	115.9
1378	119.2
1379	120.1
1380	116.8
1381	115.2
1382	111.2
1383	126.9
1384	131.6
1385	121.7
1386	120.1
1387	124.9
1388	119.6
1389	118.3
1390	115.9
1391	111.5
1392	120.6
1393	125.4
1394	132.6
1395	119.5
1396	126.6
1397	120.1
1398	121.5
1399	121.4
1400	123.7
1401	124.8
1402	116.3
1403	118.4
1404	122.4
1405	120.5
1406	112.6
1407	121.6
1408	120.3
1409	125.6
1410	127.5
1411	130.5
1412	120.8
1413	119.6
1414	110.2
1415	109.0
1416	112.3
1417	101.9
1418	103.2
1419	108.4
1420	101.1
1421	96.04
1422	90.65
1423	95.39
1424	85.38
1425	78.37
1426	93.02
1427	85.16
1428	91.21
1429	92.39
1430	90.83
1431	86.58
1432	106.7
1433	92.59
1434	92.75
1435	112.6
1436	114.6
1437	110.2
1438	111.2
1439	114.3
1440	113.8
1441	110.7
1442	112.6
1443	109.6
1444	112.8
1445	104.7
1446	93.88
1447	93.58
1448	89.94
1449	95.26
1450	92.16
1451	86.15
1452	86.61
1453	93.86
1454	90.76
1455	87.53
1456	91.93
1457	95.24
1458	102.9
1459	108.7
1460	114.5
1461	115.4
1462	118.4
1463	116.5
1464	112.4
1465	107.6
1466	112.1
1467	109.2
1468	108.3
1469	123.0
1470	103.7
1471	112.1
1472	110.2
1473	113.9
1474	103.9
1475	105.5
1476	106.3
1477	99.06
1478	102.8
1479	106.6
1480	109.2
1481	94.12
1482	102.6
1483	117.1
1484	112.6
1485	113.2
1486	109.8
1487	109.3
1488	108.1
1489	103.0
1490	100.2
1491	105.9
1492	107.1
1493	101.4
1494	102.6
1495	104.8
1496	97.59
1497	99.35
1498	98.97
1499	96.92
1500	94.42
1501	89.55
1502	87.54
1503	91.15
1504	102.6
1505	117.6
1506	113.2
1507	113.8
1508	111.5
1509	111.1
1510	108.0
1511	108.3
1512	113.5
1513	103.9
1514	103.0
1515	100.0
1516	108.1
1517	101.3
1518	99.73
1519	103.6
1520	93.08
1521	100.1
1522	96.56
1523	103.6
1524	101.5
1525	99.79
1526	100.5
1527	105.9
1528	100.8
1529	102.8
1530	106.8
1531	98.53
1532	103.1
1533	114.6
1534	112.6
1535	113.5
1536	115.0
1537	119.4
1538	120.5
1539	120.4
1540	114.5
1541	111.5
1542	109.9
1543	113.2
1544	116.8
1545	111.9
1546	115.1
1547	118.8
1548	117.2
1549	122.7
1550	114.0
1551	112.7
1552	119.7
1553	122.2
1554	131.0
1555	126.4
1556	127.1
1557	121.6
1558	121.0
1559	115.5
1560	118.4
1561	120.8
1562	122.8
1563	120.2
1564	118.0
1565	122.2
1566	113.3
1567	106.7
1568	116.6
1569	117.3
1570	111.3
1571	119.3
1572	120.9
1573	116.7
1574	116.3
1575	111.6
1576	115.2
1577	113.9
1578	119.3
1579	129.0
1580	131.7
1581	129.5
1582	119.1
1583	110.7
1584	107.0
1585	121.2
1586	113.0
1587	124.4
1588	115.1
1589	113.6
1590	113.0
1591	114.0
1592	120.9
1593	126.8
1594	119.2
1595	119.3
1596	123.2
1597	125.8
1598	113.9
1599	116.5
1600	117.8
1601	114.6
1602	114.0
1603	114.1
1604	110.2
1605	108.6
1606	111.0
1607	109.7
1608	102.9
1609	103.7
1610	97.36
1611	100.1
1612	104.3
1613	96.13
1614	110.6
1615	108.3
1616	110.5
1617	108.0
1618	108.9
1619	115.4
1620	111.4
1621	105.5
1622	115.5
1623	117.3
1624	112.8
1625	113.7
1626	114.6
1627	112.7
1628	102.8
1629	106.8
1630	109.9
1631	109.8
1632	116.4
1633	105.7
1634	107.3
1635	110.6
1636	108.0
1637	102.9
1638	108.7
1639	118.1
1640	112.7
1641	110.6
1642	114.5
1643	120.1
1644	108.7
1645	115.9
1646	113.5
1647	113.4
1648	115.1
1649	116.3
1650	112.6
1651	115.7
1652	115.9
1653	116.8
1654	116.0
1655	113.7
1656	120.6
1657	117.8
1658	123.8
1659	112.1
1660	108.1
1661	120.8
1662	110.6
1663	103.3
1664	102.4
1665	103.9
1666	106.1
1667	102.6
1668	99.84
1669	100.9
1670	102.5
1671	104.2
1672	96.12
1673	103.0
1674	105.4
1675	105.3
1676	107.6
1677	116.0
1678	107.4
1679	109.0
1680	116.5
1681	109.9
1682	112.6
1683	109.6
1684	120.4
1685	125.0
1686	122.7
1687	113.6
1688	124.0
1689	124.5
1690	125.0
1691	120.8
1692	123.2
1693	119.9
1694	113.6
1695	120.1
1696	126.1
1697	123.7
1698	120.0
1699	111.1
1700	116.1
1701	112.8
1702	115.3
1703	122.8
1704	112.7
1705	118.5
1706	123.5
1707	122.1
1708	109.1
1709	110.9
1710	116.8
1711	121.3
1712	120.5
1713	117.8
1714	118.4
1715	108.6
1716	110.7
1717	111.6
1718	126.5
1719	121.2
1720	124.7
1721	121.1
1722	121.0
1723	119.8
1724	119.4
1725	121.3
1726	119.2
1727	121.4
1728	118.9
1729	115.0
1730	118.2
1731	116.9
1732	121.2
1733	123.5
1734	119.9
1735	122.7
1736	123.7
1737	121.6
1738	119.1
1739	117.9
1740	115.3
1741	121.3
1742	119.4
1743	130.1
1744	130.6
1745	121.5
1746	112.6
1747	122.3
1748	121.4
1749	127.6
1750	126.0
1751	125.9
1752	120.2
1753	116.7
1754	117.1
1755	115.8
1756	121.1
1757	116.5
1758	118.4
1759	116.1
1760	121.7
1761	119.9
1762	115.3
1763	108.1
1764	111.1
1765	112.6
1766	111.3
1767	117.8
1768	114.7
1769	109.4
1770	112.2
1771	111.9
1772	114.5
1773	113.9
1774	117.5
1775	115.4
1776	126.6
1777	127.8
1778	123.3
1779	124.3
1780	120.6
1781	121.8
1782	127.8
1783	124.7
1784	122.6
1785	124.1
1786	120.2
1787	119.5
1788	120.3
1789	110.9
1790	109.1
1791	108.1
1792	100.2
1793	97.17
1794	95.01
1795	91.46
1796	91.58
1797	99.52
1798	103.7
1799	105.7
1800	94.69
1801	98.71
1802	90.03
1803	83.07
1804	87.1
1805	76.29
1806	78.49
1807	78.11
1808	76.68
1809	76.43
1810	73.51
1811	78.9
1812	76.31
1813	82.98
1814	87.01
1815	92.64
1816	83.63
1817	86.26
1818	84.04
1819	85.55
1820	82.75
1821	82.52
1822	89.26
1823	80.67
1824	77.88
1825	74.08
1826	69.3
1827	71.01
1828	59.79
1829	67.0
1830	56.12
1831	67.57
1832	58.87
1833	58.23
1834	53.95
1835	58.49
1836	52.01
1837	42.75
1838	54.43
1839	53.22
1840	52.17
1841	59.6
1842	63.33
1843	60.43
1844	43.62
1845	52.04
1846	58.44
1847	42.73
1848	46.5
1849	45.83
1850	47.42
1851	55.86
1852	56.87
1853	53.41
1854	68.56
1855	69.78
1856	62.23
1857	70.36
1858	69.94
1859	71.82
1860	80.76
1861	84.4
1862	84.18
1863	93.95
1864	97.63
1865	110.2
1866	99.42
1867	114.5
1868	107.9
1869	99.06
1870	104.6
1871	93.79
1872	97.15
1873	103.4
1874	102.9
1875	97.63
1876	99.49
1877	97.01
1878	99.19
1879	84.88
1880	91.93
1881	97.11
1882	93.4
1883	92.98
1884	100.8
1885	101.4
1886	99.74
1887	114.1
1888	105.7
1889	114.5
1890	114.7
1891	118.3
1892	116.8
1893	113.1
1894	106.7
1895	108.1
1896	116.4
1897	107.6
1898	106.4
1899	103.7
1900	105.8
1901	100.4
1902	100.4
1903	108.8
1904	113.7
1905	105.0
1906	110.1
1907	106.0
1908	109.5
1909	110.1
1910	108.6
1911	111.2
1912	112.4
1913	111.3
1914	110.4
1915	114.3
1916	116.8
1917	116.2
1918	107.7
1919	102.6
1920	106.9
1921	102.9
1922	99.34
1923	105.8
1924	109.5
1925	118.7
1926	106.1
1927	98.41
1928	106.7
1929	103.6
1930	110.3
1931	116.3
1932	114.5
1933	118.5
1934	116.9
1935	120.2
1936	124.1
1937	126.2
1938	136.1
1939	127.7
1940	117.9
1941	115.3
1942	124.9
1943	130.9
1944	121.2
1945	129.0
1946	126.7
1947	122.6
1948	108.8
1949	115.4
1950	113.2
1951	110.2
1952	118.1
1953	114.4
1954	108.1
1955	101.7
1956	114.3
1957	116.0
1958	106.0
1959	107.7
1960	106.1
1961	108.5
1962	107.2
1963	102.7
1964	102.8
1965	109.0
1966	114.5
1967	112.4
1968	105.1
1969	109.9
1970	109.0
1971	113.1
1972	106.6
1973	99.9
1974	95.42
1975	103.5
1976	115.3
1977	106.4
1978	114.9
1979	103.4
1980	96.56
1981	95.29
1982	99.87
1983	100.6
1984	110.8
1985	109.3
1986	113.3
1987	116.2
1988	113.5
1989	120.8
1990	110.9
1991	111.0
1992	119.1
1993	106.3
1994	105.0
1995	105.9
1996	106.8
1997	113.1
1998	113.1
1999	123.6
2000	108.8
1001	0.007314
1002	0.01219
1003	0.007257
1004	0.01545
1005	0.009541
1006	0.012
1007	0.01734
1008	0.01254
1009	0.01347
1010	0.024
1011	0.0134
1012	0.01236
1013	0.02397
1014	0.02029
1015	0.02534
1016	0.02452
1017	0.02102
1018	0.02319
1019	0.0178
1020	0.01891
1021	0.02569
1022	0.01914
1023	0.01688
1024	0.04101
1025	0.02489
1026	0.009616
1027	0.007866
1028	0.008096
1029	0.003966
1030	0.003145
1031	0.006229
1032	0.007917
1033	0.007583
1034	0.002796
1035	0.005603
1036	0.007095
1037	0.01008
1038	0.004238
1039	0.004421
1040	0.00737
1041	0.008471
1042	0.0113
1043	0.006941
1044	0.006712
1045	0.006117
1046	0.009645
1047	0.004904
1048	0.003865
1049	0.004473
1050	0.008096
1051	0.009119
1052	0.01434
1053	0.008195
1054	0.006274
1055	0.008307
1056	0.006767
1057	0.00811
1058	0.00772
1059	0.002871
1060	0.003867
1061	0.001489
1062	0.001442
1063	0.001509
1064	0.00223
1065	0.003512
1066	0.003037
1067	0.00296
1068	7.983E-4
1069	0.001785
1070	0.002803
1071	0.002036
1072	0.002692
1073	0.004695
1074	0.001828
1075	0.003101
1076	0.002303
1077	0.002221
1078	0.001688
1079	0.002497
1080	0.002911
1081	0.002924
1082	0.001933
1083	0.004548
1084	0.001083
1085	9.741E-4
1086	0.001621
1087	0.001755
1088	0.001864
1089	0.001804
1090	0.002035
1091	0.00168
1092	0.00328
1093	0.001886
1094	0.001675
1095	0.002036
1096	0.001078
1097	0.001189
1098	0.001203
1099	0.001492
1100	0.001908
1101	0.00203
1102	0.004055
1103	0.007325
1104	0.00563
1105	0.005211
1106	0.005583
1107	0.006063
1108	0.003923
1109	0.00106
1110	7.703E-4
1111	0.003217
1112	0.001134
1113	0.001947
1114	0.001324
1115	0.001874
1116	0.001938
1117	0.001915
1118	6.558E-4
1119	0.001212
1120	0.001114
1121	9.987E-4
1122	0.001112
1123	0.002645
1124	0.001668
1125	0.005921
1126	0.002967
1127	0.005855
1128	0.005605
1129	0.003057
1130	0.002555
1131	0.002433
1132	0.001671
1133	0.002742
1134	0.00229
1135	0.004553
1136	0.002801
1137	0.003513
1138	0.003689
1139	0.006005
1140	0.01233
1141	0.01049
1142	0.006552
1143	0.00433
1144	0.00444
1145	0.004701
1146	0.002937
1147	0.001522
1148	0.001831
1149	0.002934
1150	0.003697
1151	0.004586
1152	0.004485
1153	0.00354
1154	0.004028
1155	0.01364
1156	0.01416
1157	0.01133
1158	0.008119
1159	0.01078
1160	0.01069
1161	0.005556
1162	0.009327
1163	0.009883
1164	0.009152
1165	0.006163
1166	0.004454
1167	0.01079
1168	0.01253
1169	0.01725
1170	0.00989
1171	0.0077
1172	0.006885
1173	0.009309
1174	0.007124
1175	0.007377
1176	0.006942
1177	0.006574
1178	0.005383
1179	0.003105
1180	0.003024
1181	0.002989
1182	0.001857
1183	0.006253
1184	0.00182
1185	0.002075
1186	0.004134
1187	0.002754
1188	0.002015
1189	0.00159
1190	0.005682
1191	0.004938
1192	0.003383
1193	0.004258
1194	0.003419
1195	0.002612
1196	0.00423
1197	0.003098
1198	0.004429
1199	0.004593
1200	0.0104
1201	0.01097
1202	0.01561
1203	0.01656
1204	0.01668
1205	0.009077
1206	0.01411
1207	0.008365
1208	0.006665
1209	0.008547
1210	0.004192
1211	0.003509
1212	0.003107
1213	0.004027
1214	0.002934
1215	0.002046
1216	0.002184
1217	0.004008
1218	0.003762
1219	0.002591
1220	0.001947
1221	0.002551
1222	0.002383
1223	0.003045
1224	0.003628
1225	0.001092
1226	0.003092
1227	0.004745
1228	0.003044
1229	0.004984
1230	0.005054
1231	0.005092
1232	0.00876
1233	0.002698
1234	0.008256
1235	0.007595
1236	0.005708
1237	0.004732
1238	0.003484
1239	0.003766
1240	0.001771
1241	0.004626
1242	0.004377
1243	0.003635
1244	0.002183
1245	0.004273
1246	0.005816
1247	0.006362
1248	0.003203
1249	0.004578
1250	0.008989
1251	0.0021
1252	0.00174
1253	0.001706
1254	0.004602
1255	0.007513
1256	0.007183
1257	0.007188
1258	0.004293
1259	0.003987
1260	0.009033
1261	0.01275
1262	0.008792
1263	0.007932
1264	0.005591
1265	0.005619
1266	0.00661
1267	0.006426
1268	0.002294
1269	0.002278
1270	0.002999
1271	0.00203
1272	0.003695
1273	0.003557
1274	0.001287
1275	0.00329
1276	0.007713
1277	0.007297
1278	0.01475
1279	0.01493
1280	0.01786
1281	0.01048
1282	0.009733
1283	0.01018
1284	0.004101
1285	0.006255
1286	0.003652
1287	0.002539
1288	0.003002
1289	0.00501
1290	0.004944
1291	0.003751
1292	0.004002
1293	0.00565
1294	0.005201
1295	0.003352
1296	0.006477
1297	0.004072
1298	0.006281
1299	0.007217
1300	0.007216
1301	0.00256
1302	0.002537
1303	0.003983
1304	0.003033
1305	0.001532
1306	0.004563
1307	0.004262
1308	0.005538
1309	0.005716
1310	0.00407
1311	0.003816
1312	0.003218
1313	0.00753
1314	0.002941
1315	0.003001
1316	0.00359
1317	0.003161
1318	0.002995
1319	0.003661
1320	0.009963
1321	0.01198
1322	0.01067
1323	0.01213
1324	0.005907
1325	0.005503
1326	0.004628
1327	0.003851
1328	0.004152
1329	0.004359
1330	0.002794
1331	0.004429
1332	0.004448
1333	0.002757
1334	0.002909
1335	0.001389
1336	0.002158
1337	0.001753
1338	0.001312
1339	0.004914
1340	0.003811
1341	0.002765
1342	0.003039
1343	0.002505
1344	0.01438
1345	0.01024
1346	0.01026
1347	0.003999
1348	0.005277
1349	0.005009
1350	0.005155
1351	0.003603
1352	0.004125
1353	0.003862
1354	0.002201
1355	0.004549
1356	0.003322
1357	0.003961
1358	0.004645
1359	0.004065
1360	0.003122
1361	0.007426
1362	0.003633
1363	0.00227
1364	0.003749
1365	0.001754
1366	0.00203
1367	0.001856
1368	0.002482
1369	0.001843
1370	0.002446
1371	0.002288
1372	0.003491
1373	0.003551
1374	0.003748
1375	0.00307
1376	0.00362
1377	0.002473
1378	0.004293
1379	0.005378
1380	0.004778
1381	0.00414
1382	0.003504
1383	0.002205
1384	0.002468
1385	0.001764
1386	0.002789
1387	0.002774
1388	0.00194
1389	0.003474
1390	0.001751
1391	0.003624
1392	0.005089
1393	0.00267
1394	0.002632
1395	0.002747
1396	0.00151
1397	0.002116
1398	0.002542
1399	0.001469
1400	0.001239
1401	0.001967
1402	0.004902
1403	0.002052
1404	0.002412
1405	0.00178
1406	0.00466
1407	0.004233
1408	0.004694
1409	0.001712
1410	7.001E-4
1411	3.933E-4
1412	9.704E-4
1413	0.002885
1414	0.005256
1415	0.004665
1416	0.00728
1417	0.009446
1418	0.007382
1419	0.004448
1420	0.01312
1421	0.006472
1422	0.01947
1423	0.06185
1424	0.02048
1425	0.02247
1426	0.0168
1427	0.03064
1428	0.03542
1429	0.0284
1430	0.01778
1431	0.01962
1432	0.02151
1433	0.02011
1434	0.01294
1435	0.005145
1436	0.009617
1437	0.004754
1438	0.004422
1439	0.005234
1440	0.006759
1441	0.004409
1442	0.003474
1443	0.00443
1444	0.004096
1445	0.004224
1446	0.0129
1447	0.0163
1448	0.0232
1449	0.01699
1450	0.01989
1451	0.01761
1452	0.01107
1453	0.01798
1454	0.04229
1455	0.04881
1456	0.01497
1457	0.01514
1458	0.01233
1459	0.007356
1460	0.003101
1461	0.0022
1462	0.002578
1463	0.002697
1464	0.00346
1465	0.008522
1466	0.005127
1467	0.002311
1468	0.005666
1469	0.005153
1470	0.007277
1471	0.004203
1472	0.003886
1473	0.003788
1474	0.005446
1475	0.004358
1476	0.005707
1477	0.006453
1478	0.007968
1479	0.007851
1480	0.02543
1481	0.01471
1482	0.0154
1483	0.01397
1484	0.006155
1485	0.001925
1486	0.002008
1487	0.00268
1488	0.005901
1489	0.0046
1490	0.008896
1491	0.004876
1492	0.006691
1493	0.006257
1494	0.005365
1495	0.005923
1496	0.009989
1497	0.009602
1498	0.0109
1499	0.01296
1500	0.008484
1501	0.01034
1502	0.02441
1503	0.0234
1504	0.0083
1505	0.008457
1506	0.007864
1507	0.004583
1508	0.002622
1509	0.00224
1510	0.003925
1511	0.00475
1512	0.007752
1513	0.005693
1514	0.0053
1515	0.006213
1516	0.01854
1517	0.02023
1518	0.01858
1519	0.01871
1520	0.01088
1521	0.01162
1522	0.007512
1523	0.006587
1524	0.007766
1525	0.008258
1526	0.01084
1527	0.005878
1528	0.009692
1529	0.005844
1530	0.007094
1531	0.01015
1532	0.00617
1533	0.006074
1534	0.002417
1535	0.002894
1536	0.003391
1537	0.002483
1538	0.002548
1539	0.002466
1540	0.004476
1541	0.003959
1542	0.002436
1543	0.004299
1544	0.003949
1545	0.003731
1546	0.002873
1547	0.002578
1548	0.007741
1549	9.019E-4
1550	0.004287
1551	0.002769
1552	0.001591
1553	0.001591
1554	5.303E-4
1555	0.001262
1556	0.001108
1557	0.001018
1558	0.001489
1559	0.002496
1560	0.002002
1561	0.002672
1562	0.002297
1563	0.00299
1564	0.001744
1565	0.001657
1566	0.002239
1567	0.003406
1568	0.003505
1569	0.005501
1570	0.004284
1571	0.002996
1572	0.003503
1573	0.003465
1574	0.003041
1575	0.003559
1576	0.005185
1577	0.003316
1578	0.002065
1579	0.001427
1580	0.00159
1581	0.002165
1582	0.002994
1583	0.00304
1584	0.005119
1585	0.006707
1586	0.004221
1587	0.003297
1588	0.002074
1589	0.004401
1590	0.004372
1591	0.002447
1592	0.003145
1593	0.004005
1594	0.002288
1595	0.001891
1596	0.003764
1597	0.005397
1598	0.002005
1599	0.002014
1600	0.002573
1601	0.001975
1602	0.003103
1603	0.003609
1604	0.005673
1605	0.005697
1606	0.004856
1607	0.006563
1608	0.006033
1609	0.00443
1610	0.006519
1611	0.01303
1612	0.01048
1613	0.007666
1614	0.002515
1615	0.008675
1616	0.005786
1617	0.005064
1618	0.00301
1619	0.001574
1620	0.00646
1621	0.003237
1622	0.002851
1623	0.005623
1624	0.002579
1625	0.002144
1626	0.002382
1627	0.003549
1628	0.00619
1629	0.004799
1630	0.003648
1631	0.004385
1632	0.008645
1633	0.003558
1634	0.00417
1635	0.005898
1636	0.008297
1637	0.007026
1638	0.004684
1639	0.0035
1640	0.006894
1641	0.007164
1642	0.01058
1643	0.001794
1644	0.00432
1645	0.001926
1646	0.001751
1647	0.001888
1648	0.00392
1649	0.003978
1650	0.00394
1651	0.003158
1652	0.003624
1653	0.002266
1654	0.005666
1655	0.001818
1656	0.002984
1657	0.00389
1658	0.004034
1659	0.002608
1660	0.004314
1661	0.007044
1662	0.004719
1663	0.004504
1664	0.006918
1665	0.01038
1666	0.01291
1667	0.00967
1668	0.006824
1669	0.0101
1670	0.006781
1671	0.01378
1672	0.01126
1673	0.009798
1674	0.01414
1675	0.01288
1676	0.005165
1677	0.009827
1678	0.007765
1679	0.008813
1680	0.006144
1681	0.007663
1682	0.00538
1683	0.005344
1684	0.005519
1685	0.004425
1686	0.003774
1687	0.003604
1688	0.00149
1689	0.001584
1690	0.002647
1691	0.001621
1692	0.001899
1693	0.002044
1694	0.003667
1695	0.003867
1696	0.004259
1697	0.001163
1698	0.001266
1699	0.002599
1700	0.002732
1701	0.002371
1702	0.003134
1703	0.003872
1704	0.003417
1705	0.001449
1706	0.004922
1707	0.00187
1708	0.004044
1709	0.006537
1710	0.003528
1711	0.00255
1712	9.671E-4
1713	0.001438
1714	0.005885
1715	0.005506
1716	0.004642
1717	0.003254
1718	0.003649
1719	0.002311
1720	0.001834
1721	0.002011
1722	0.001611
1723	0.004662
1724	0.00514
1725	0.001433
1726	0.001804
1727	0.001958
1728	0.004147
1729	0.002804
1730	0.003767
1731	0.002467
1732	0.002299
1733	0.001685
1734	0.001725
1735	0.002032
1736	0.002034
1737	0.001151
1738	0.002639
1739	0.00215
1740	0.002636
1741	0.001598
1742	0.00191
1743	0.002422
1744	5.503E-4
1745	0.002726
1746	0.002747
1747	0.001874
1748	0.001848
1749	0.002449
1750	0.001755
1751	0.001702
1752	0.002086
1753	0.001546
1754	0.00218
1755	0.00323
1756	0.002892
1757	0.003726
1758	0.004129
1759	0.004174
1760	0.001196
1761	0.001132
1762	0.002606
1763	0.004261
1764	0.003027
1765	0.002934
1766	0.003103
1767	0.002428
1768	0.001842
1769	0.003768
1770	0.002823
1771	0.00188
1772	0.002195
1773	0.004077
1774	0.003726
1775	0.002643
1776	8.974E-4
1777	9.818E-4
1778	0.001506
1779	0.001175
1780	0.002775
1781	0.003394
1782	0.005372
1783	0.004021
1784	0.001754
1785	0.003824
1786	0.004506
1787	0.002789
1788	0.002658
1789	0.004028
1790	0.003615
1791	0.004475
1792	0.01144
1793	0.007536
1794	0.00876
1795	0.01398
1796	0.01153
1797	0.005634
1798	0.007944
1799	0.01019
1800	0.01092
1801	0.007584
1802	0.008735
1803	0.01347
1804	0.02439
1805	0.06024
1806	0.07429
1807	0.05774
1808	0.0653
1809	0.03376
1810	0.03883
1811	0.03275
1812	0.02512
1813	0.01997
1814	0.01817
1815	0.02764
1816	0.0265
1817	0.03014
1818	0.03322
1819	0.02445
1820	0.03451
1821	0.03368
1822	0.02931
1823	0.02368
1824	0.03679
1825	0.07949
1826	0.08405
1827	0.05738
1828	0.0663
1829	0.05503
1830	0.1678
1831	0.1087
1832	0.1124
1833	0.06942
1834	0.0824
1835	0.08172
1836	0.278
1837	0.311
1838	0.5224
1839	0.396
1840	0.1821
1841	0.1823
1842	0.2199
1843	0.2028
1844	0.2893
1845	0.2342
1846	0.2565
1847	0.4298
1848	0.312
1849	0.206
1850	0.193
1851	0.2488
1852	0.2016
1853	0.2141
1854	0.2042
1855	0.249
1856	0.1785
1857	0.1042
1858	0.095
1859	0.08244
1860	0.04788
1861	0.02903
1862	0.02133
1863	0.01729
1864	0.007468
1865	0.007192
1866	0.007268
1867	0.02102
1868	0.02382
1869	0.01866
1870	0.006806
1871	0.01206
1872	0.01471
1873	0.009887
1874	0.007532
1875	0.009057
1876	0.007203
1877	0.006179
1878	0.01135
1879	0.0171
1880	0.02127
1881	0.01339
1882	0.01115
1883	0.01242
1884	0.015
1885	0.01711
1886	0.005164
1887	0.003383
1888	0.007418
1889	0.004083
1890	0.002518
1891	0.001999
1892	0.003715
1893	0.0033
1894	0.005164
1895	0.007446
1896	0.008203
1897	0.004493
1898	0.00483
1899	0.006883
1900	0.007945
1901	0.009465
1902	0.00623
1903	0.002832
1904	0.004734
1905	0.004455
1906	0.01163
1907	0.004949
1908	0.005095
1909	0.005212
1910	0.002922
1911	0.003342
1912	0.00407
1913	0.006337
1914	0.005901
1915	0.001754
1916	0.004068
1917	0.006362
1918	0.004574
1919	0.006259
1920	0.007526
1921	0.006786
1922	0.00605
1923	0.006274
1924	0.009345
1925	0.005961
1926	0.005986
1927	0.008736
1928	0.009788
1929	0.01057
1930	0.01132
1931	0.005741
1932	0.004495
1933	0.002333
1934	0.003909
1935	0.002284
1936	0.001984
1937	9.364E-4
1938	8.35E-4
1939	0.003438
1940	0.003274
1941	0.003035
1942	0.005325
1943	0.004123
1944	0.001659
1945	0.002909
1946	0.002258
1947	0.00131
1948	0.006103
1949	0.005234
1950	0.006717
1951	0.006746
1952	0.003844
1953	0.005999
1954	0.00592
1955	0.01017
1956	0.003755
1957	0.004781
1958	0.006605
1959	0.005547
1960	0.005371
1961	0.006445
1962	0.00401
1963	0.01018
1964	0.006985
1965	0.003351
1966	0.00318
1967	0.005049
1968	0.004308
1969	0.008756
1970	0.007834
1971	0.009496
1972	0.01132
1973	0.0124
1974	0.01043
1975	0.01703
1976	0.01603
1977	0.006045
1978	0.003911
1979	0.007299
1980	0.008363
1981	0.01182
1982	0.009129
1983	0.008754
1984	0.005976
1985	0.004054
1986	0.003039
1987	0.004053
1988	0.004699
1989	0.004174
1990	0.004711
1991	0.007045
1992	0.001986
1993	0.003793
1994	0.003139
1995	0.00869
1996	0.005518
1997	0.006266
1998	0.004106
1999	0.006327
2000	0.004129
1001	0.6556
1002	0.6176
1003	0.7093
1004	0.6629
1005	0.7038
1006	0.7174
1007	0.7579
1008	0.7112
1009	0.6128
1010	0.4774
1011	0.4784
1012	0.3696
1013	0.2875
1014	0.3915
1015	0.3996
1016	0.3984
1017	0.3349
1018	0.3995
1019	0.2803
1020	0.2758
1021	0.3392
1022	0.4605
1023	0.2952
1024	0.2802
1025	0.2283
1026	0.2734
1027	0.4905
1028	0.5846
1029	0.5772
1030	0.4928
1031	0.5304
1032	0.536
1033	0.3608
1034	0.2983
1035	0.4906
1036	0.4534
1037	0.4578
1038	0.2932
1039	0.3776
1040	0.5225
1041	0.567
1042	0.6171
1043	0.6546
1044	0.6385
1045	0.5537
1046	0.5113
1047	0.4044
1048	0.4721
1049	0.4432
1050	0.4544
1051	0.39
1052	0.2139
1053	0.3331
1054	0.3385
1055	0.432
1056	0.4102
1057	0.3904
1058	0.4759
1059	0.5146
1060	0.5456
1061	0.5531
1062	0.601
1063	0.6531
1064	0.7652
1065	0.7681
1066	0.6618
1067	0.6569
1068	0.5924
1069	0.6095
1070	0.6079
1071	0.6269
1072	0.7512
1073	0.734
1074	0.7144
1075	0.7523
1076	0.6584
1077	0.7244
1078	0.8258
1079	0.7043
1080	0.6914
1081	0.6911
1082	0.695
1083	0.6549
1084	0.6087
1085	0.6021
1086	0.7621
1087	0.6649
1088	0.6641
1089	0.7145
1090	0.6858
1091	0.6616
1092	0.7643
1093	0.7984
1094	0.8689
1095	0.8999
1096	0.9752
1097	0.9521
1098	0.9976
1099	0.9683
1100	0.9386
1101	0.8766
1102	0.8819
1103	0.8087
1104	0.8179
1105	0.868
1106	0.8752
1107	0.8178
1108	0.8712
1109	0.8298
1110	0.7843
1111	0.7635
1112	0.8463
1113	0.7112
1114	0.697
1115	0.8314
1116	0.8925
1117	0.844
1118	0.75
1119	0.8241
1120	0.8539
1121	0.8942
1122	0.9422
1123	0.9106
1124	0.9072
1125	0.8986
1126	0.889
1127	0.8447
1128	0.8739
1129	0.8727
1130	0.831
1131	0.9282
1132	0.8506
1133	0.7902
1134	0.7553
1135	0.7677
1136	0.7181
1137	0.8415
1138	0.8306
1139	0.8037
1140	0.8507
1141	0.9102
1142	0.9038
1143	0.9244
1144	0.9226
1145	0.9526
1146	0.9286
1147	0.885
1148	0.9121
1149	0.7058
1150	0.8143
1151	0.8767
1152	0.8836
1153	0.8773
1154	0.9469
1155	0.9879
1156	0.9994
1157	0.9956
1158	0.9644
1159	0.9394
1160	0.9379
1161	0.869
1162	0.8679
1163	0.8622
1164	0.9392
1165	0.9673
1166	0.9682
1167	0.8998
1168	0.89
1169	0.9219
1170	0.8977
1171	0.91
1172	0.8487
1173	0.8575
1174	0.7898
1175	0.7351
1176	0.6639
1177	0.6748
1178	0.8025
1179	0.757
1180	0.6029
1181	0.7653
1182	0.8526
1183	0.7896
1184	0.8662
1185	0.8813
1186	0.8968
1187	0.7689
1188	0.855
1189	0.8185
1190	0.778
1191	0.6541
1192	0.6322
1193	0.6871
1194	0.6772
1195	0.7644
1196	0.7241
1197	0.8026
1198	0.8409
1199	0.8591
1200	0.7827
1201	0.7552
1202	0.6673
1203	0.626
1204	0.7625
1205	0.6937
1206	0.578
1207	0.7819
1208	0.7801
1209	0.7306
1210	0.7103
1211	0.8384
1212	0.6753
1213	0.6834
1214	0.6895
1215	0.8015
1216	0.8944
1217	0.8329
1218	0.8262
1219	0.8525
1220	0.962
1221	0.9525
1222	0.8964
1223	0.8586
1224	0.9039
1225	0.8708
1226	0.7678
1227	0.7321
1228	0.6718
1229	0.7789
1230	0.8132
1231	0.6857
1232	0.6826
1233	0.6015
1234	0.6455
1235	0.6017
1236	0.564
1237	0.6597
1238	0.6368
1239	0.5628
1240	0.5948
1241	0.6445
1242	0.7638
1243	0.8518
1244	0.8266
1245	0.8522
1246	0.7817
1247	0.6343
1248	0.5835
1249	0.6559
1250	0.6066
1251	0.6586
1252	0.7728
1253	0.7166
1254	0.7196
1255	0.6459
1256	0.5806
1257	0.5529
1258	0.581
1259	0.3954
1260	0.3756
1261	0.2932
1262	0.3562
1263	0.4169
1264	0.4435
1265	0.498
1266	0.5743
1267	0.4954
1268	0.5509
1269	0.703
1270	0.7025
1271	0.7007
1272	0.7696
1273	0.6076
1274	0.6239
1275	0.6173
1276	0.6379
1277	0.7403
1278	0.6893
1279	0.7418
1280	0.7395
1281	0.7462
1282	0.8112
1283	0.8394
1284	0.7845
1285	0.7599
1286	0.6591
1287	0.5231
1288	0.5356
1289	0.621
1290	0.5023
1291	0.3912
1292	0.4719
1293	0.3426
1294	0.4139
1295	0.3798
1296	0.4623
1297	0.5654
1298	0.4503
1299	0.5302
1300	0.3276
1301	0.3493
1302	0.5194
1303	0.5341
1304	0.4448
1305	0.6588
1306	0.6977
1307	0.6375
1308	0.6724
1309	0.663
1310	0.6215
1311	0.7698
1312	0.5362
1313	0.5406
1314	0.37
1315	0.4677
1316	0.4492
1317	0.4525
1318	0.3913
1319	0.3144
1320	0.3612
1321	0.3003
1322	0.1879
1323	0.1779
1324	0.2427
1325	0.3648
1326	0.4245
1327	0.4019
1328	0.2652
1329	0.3632
1330	0.4572
1331	0.5499
1332	0.5944
1333	0.5817
1334	0.5437
1335	0.4621
1336	0.5234
1337	0.5128
1338	0.4447
1339	0.3751
1340	0.5969
1341	0.5904
1342	0.536
1343	0.5471
1344	0.5423
1345	0.5295
1346	0.6477
1347	0.6388
1348	0.6885
1349	0.724
1350	0.6427
1351	0.6142
1352	0.5914
1353	0.6185
1354	0.816
1355	0.8108
1356	0.8734
1357	0.8955
1358	0.9846
1359	0.9169
1360	0.9221
1361	0.8941
1362	0.8914
1363	0.9469
1364	0.9789
1365	0.9868
1366	0.9544
1367	0.8753
1368	0.902
1369	0.9492
1370	0.9422
1371	0.9397
1372	0.9425
1373	0.9487
1374	0.9682
1375	0.9363
1376	0.9636
1377	0.9363
1378	0.9255
1379	0.9565
1380	0.9718
1381	0.9548
1382	0.9792
1383	0.9853
1384	0.9577
1385	0.8894
1386	0.9886
1387	0.9965
1388	0.9965
1389	0.9986
1390	0.9901
1391	0.9975
1392	0.969
1393	0.9595
1394	0.9353
1395	0.9366
1396	0.971
1397	0.976
1398	0.9435
1399	0.9415
1400	0.9607
1401	0.9656
1402	0.9806
1403	0.9975
1404	0.9687
1405	0.9679
1406	0.9656
1407	0.9058
1408	0.9453
1409	0.9823
1410	0.9803
1411	0.9792
1412	0.976
1413	0.9392
1414	0.9637
1415	0.9089
1416	0.9144
1417	0.8903
1418	0.8739
1419	0.9263
1420	0.9626
1421	0.9589
1422	0.9064
1423	0.8419
1424	0.8589
1425	0.8822
1426	0.8825
1427	0.9261
1428	0.8577
1429	0.8131
1430	0.7338
1431	0.6094
1432	0.6078
1433	0.6565
1434	0.7958
1435	0.8295
1436	0.9042
1437	0.8775
1438	0.9086
1439	0.9064
1440	0.9571
1441	0.892
1442	0.8895
1443	0.9417
1444	0.9673
1445	0.9281
1446	0.9754
1447	0.9842
1448	0.9565
1449	0.9203
1450	0.8339
1451	0.7834
1452	0.9031
1453	0.9046
1454	0.8659
1455	0.8741
1456	0.897
1457	0.8384
1458	0.7807
1459	0.8497
1460	0.7575
1461	0.731
1462	0.7366
1463	0.7005
1464	0.7775
1465	0.6989
1466	0.6306
1467	0.6649
1468	0.7318
1469	0.7688
1470	0.6981
1471	0.6731
1472	0.6986
1473	0.6138
1474	0.6743
1475	0.6021
1476	0.4559
1477	0.3408
1478	0.4406
1479	0.4481
1480	0.3922
1481	0.4506
1482	0.4321
1483	0.4644
1484	0.3823
1485	0.445
1486	0.3867
1487	0.383
1488	0.3776
1489	0.3292
1490	0.2925
1491	0.4029
1492	0.4246
1493	0.4146
1494	0.4747
1495	0.4593
1496	0.4977
1497	0.5043
1498	0.4527
1499	0.4316
1500	0.3741
1501	0.3385
1502	0.294
1503	0.3579
1504	0.4052
1505	0.5799
1506	0.622
1507	0.6524
1508	0.6157
1509	0.6058
1510	0.5036
1511	0.3626
1512	0.4735
1513	0.3785
1514	0.2936
1515	0.2036
1516	0.2895
1517	0.2762
1518	0.2949
1519	0.3928
1520	0.3069
1521	0.2803
1522	0.2538
1523	0.2973
1524	0.2732
1525	0.2367
1526	0.416
1527	0.3507
1528	0.3907
1529	0.4533
1530	0.2885
1531	0.2272
1532	0.3039
1533	0.5135
1534	0.5239
1535	0.5357
1536	0.4842
1537	0.6879
1538	0.7363
1539	0.7497
1540	0.5419
1541	0.5706
1542	0.4717
1543	0.5543
1544	0.6058
1545	0.6445
1546	0.5947
1547	0.5887
1548	0.5788
1549	0.6421
1550	0.6544
1551	0.7975
1552	0.6855
1553	0.5762
1554	0.5979
1555	0.6578
1556	0.7698
1557	0.7209
1558	0.7772
1559	0.8425
1560	0.8521
1561	0.8416
1562	0.9292
1563	0.8716
1564	0.8053
1565	0.6859
1566	0.5921
1567	0.5553
1568	0.5799
1569	0.576
1570	0.7503
1571	0.7135
1572	0.7216
1573	0.6581
1574	0.7205
1575	0.7175
1576	0.6869
1577	0.6605
1578	0.8166
1579	0.8568
1580	0.8877
1581	0.9359
1582	0.9808
1583	0.9619
1584	0.9872
1585	0.928
1586	0.8603
1587	0.9112
1588	0.9706
1589	0.9611
1590	0.9678
1591	0.8478
1592	0.8232
1593	0.8498
1594	0.8566
1595	0.8054
1596	0.8408
1597	0.6985
1598	0.6365
1599	0.7227
1600	0.6052
1601	0.5691
1602	0.6347
1603	0.5426
1604	0.4596
1605	0.5767
1606	0.4767
1607	0.5074
1608	0.3252
1609	0.4016
1610	0.3735
1611	0.3462
1612	0.3159
1613	0.2626
1614	0.2818
1615	0.4054
1616	0.3986
1617	0.2796
1618	0.345
1619	0.4086
1620	0.6086
1621	0.5687
1622	0.566
1623	0.6816
1624	0.5625
1625	0.5101
1626	0.5595
1627	0.5821
1628	0.5442
1629	0.3993
1630	0.3778
1631	0.695
1632	0.7809
1633	0.8363
1634	0.8071
1635	0.7636
1636	0.7676
1637	0.7079
1638	0.6138
1639	0.6443
1640	0.6081
1641	0.5752
1642	0.5878
1643	0.5404
1644	0.5959
1645	0.5414
1646	0.5467
1647	0.6801
1648	0.6953
1649	0.8237
1650	0.885
1651	0.8038
1652	0.7661
1653	0.7073
1654	0.6801
1655	0.7287
1656	0.7312
1657	0.7173
1658	0.7776
1659	0.7512
1660	0.623
1661	0.5124
1662	0.6539
1663	0.6867
1664	0.6504
1665	0.6628
1666	0.6987
1667	0.5353
1668	0.4734
1669	0.3613
1670	0.3615
1671	0.5336
1672	0.6197
1673	0.6943
1674	0.7042
1675	0.732
1676	0.7785
1677	0.7782
1678	0.689
1679	0.7613
1680	0.851
1681	0.8543
1682	0.8276
1683	0.7726
1684	0.8112
1685	0.8325
1686	0.7804
1687	0.7484
1688	0.6675
1689	0.7322
1690	0.7955
1691	0.8443
1692	0.8257
1693	0.8774
1694	0.8488
1695	0.826
1696	0.8397
1697	0.8387
1698	0.7224
1699	0.6365
1700	0.6684
1701	0.6701
1702	0.7174
1703	0.6898
1704	0.8102
1705	0.884
1706	0.8902
1707	0.9104
1708	0.919
1709	0.9232
1710	0.9416
1711	0.9453
1712	0.9674
1713	0.9522
1714	0.9105
1715	0.8784
1716	0.8175
1717	0.746
1718	0.7454
1719	0.8649
1720	0.8124
1721	0.7606
1722	0.8237
1723	0.8674
1724	0.9447
1725	0.9159
1726	0.9649
1727	0.9033
1728	0.9007
1729	0.9096
1730	0.7592
1731	0.7466
1732	0.8459
1733	0.8577
1734	0.9075
1735	0.7942
1736	0.8771
1737	0.9163
1738	0.9131
1739	0.9115
1740	0.8929
1741	0.8609
1742	0.8657
1743	0.8815
1744	0.8474
1745	0.8307
1746	0.8326
1747	0.9182
1748	0.8762
1749	0.9319
1750	0.9664
1751	0.9488
1752	0.9738
1753	0.9131
1754	0.9144
1755	0.8412
1756	0.7821
1757	0.7995
1758	0.8912
1759	0.8588
1760	0.8565
1761	0.8382
1762	0.7831
1763	0.7289
1764	0.6416
1765	0.7775
1766	0.7551
1767	0.7807
1768	0.7418
1769	0.7429
1770	0.6107
1771	0.6474
1772	0.662
1773	0.5942
1774	0.6897
1775	0.6126
1776	0.7944
1777	0.9706
1778	0.8963
1779	0.8907
1780	0.8791
1781	0.8743
1782	0.9437
1783	0.8648
1784	0.8679
1785	0.9734
1786	0.9672
1787	0.9449
1788	0.9548
1789	0.9565
1790	0.9219
1791	0.8682
1792	0.8757
1793	0.8455
1794	0.8354
1795	0.874
1796	0.9131
1797	0.9681
1798	0.9645
1799	0.9489
1800	0.9797
1801	0.989
1802	0.9919
1803	0.9899
1804	0.9569
1805	0.9873
1806	0.9202
1807	0.9035
1808	0.8726
1809	0.9011
1810	0.8723
1811	0.8718
1812	0.9018
1813	0.8454
1814	0.8292
1815	0.8569
1816	0.6558
1817	0.7119
1818	0.7374
1819	0.714
1820	0.7387
1821	0.6072
1822	0.6366
1823	0.6726
1824	0.7388
1825	0.6854
1826	0.652
1827	0.624
1828	0.5332
1829	0.4909
1830	0.4731
1831	0.408
1832	0.4529
1833	0.3551
1834	0.392
1835	0.4363
1836	0.4447
1837	0.3654
1838	0.5131
1839	0.6012
1840	0.575
1841	0.5731
1842	0.5455
1843	0.5334
1844	0.5442
1845	0.5795
1846	0.5433
1847	0.4091
1848	0.5164
1849	0.5485
1850	0.5447
1851	0.6403
1852	0.7052
1853	0.7459
1854	0.7262
1855	0.8286
1856	0.8429
1857	0.7999
1858	0.7654
1859	0.7776
1860	0.8496
1861	0.8532
1862	0.8587
1863	0.8599
1864	0.9479
1865	0.9685
1866	0.9439
1867	0.9253
1868	0.9428
1869	0.8345
1870	0.7935
1871	0.6789
1872	0.5761
1873	0.6613
1874	0.6963
1875	0.6122
1876	0.6464
1877	0.6205
1878	0.5727
1879	0.4322
1880	0.4108
1881	0.3688
1882	0.4031
1883	0.3401
1884	0.3763
1885	0.4161
1886	0.3535
1887	0.3854
1888	0.4778
1889	0.4658
1890	0.6367
1891	0.6657
1892	0.616
1893	0.625
1894	0.5419
1895	0.5105
1896	0.5734
1897	0.4907
1898	0.4758
1899	0.2908
1900	0.4118
1901	0.2972
1902	0.2342
1903	0.3477
1904	0.409
1905	0.4517
1906	0.4389
1907	0.3963
1908	0.4859
1909	0.534
1910	0.5335
1911	0.6273
1912	0.4859
1913	0.4244
1914	0.4698
1915	0.4963
1916	0.584
1917	0.5657
1918	0.5459
1919	0.5031
1920	0.6546
1921	0.7051
1922	0.699
1923	0.7561
1924	0.8565
1925	0.7803
1926	0.6645
1927	0.7032
1928	0.7362
1929	0.6731
1930	0.8144
1931	0.8584
1932	0.9315
1933	0.9361
1934	0.9721
1935	0.9062
1936	0.9288
1937	0.8956
1938	0.9029
1939	0.8748
1940	0.8863
1941	0.9389
1942	0.9818
1943	0.9875
1944	0.9918
1945	0.9931
1946	0.9632
1947	0.9785
1948	0.9568
1949	0.9365
1950	0.9308
1951	0.8967
1952	0.9482
1953	0.8668
1954	0.7294
1955	0.5755
1956	0.5115
1957	0.559
1958	0.5021
1959	0.3454
1960	0.4847
1961	0.3976
1962	0.3405
1963	0.3395
1964	0.3466
1965	0.3211
1966	0.3698
1967	0.4697
1968	0.45
1969	0.4371
1970	0.3944
1971	0.3823
1972	0.3823
1973	0.3926
1974	0.2894
1975	0.3034
1976	0.3938
1977	0.439
1978	0.4411
1979	0.3588
1980	0.37
1981	0.3004
1982	0.3992
1983	0.3002
1984	0.3419
1985	0.4643
1986	0.4139
1987	0.6153
1988	0.4924
1989	0.4997
1990	0.4869
1991	0.4099
1992	0.4045
1993	0.3069
1994	0.2669
1995	0.3834
1996	0.4767
1997	0.3925
1998	0.4146
1999	0.6276
2000	0.7225
1001	13.69
1002	17.09
1003	10.44
1004	9.1
1005	13.16
1006	9.891
1007	9.419
1008	9.483
1009	9.133
1010	15.58
1011	18.12
1012	18.46
1013	9.154
1014	8.39
1015	7.281
1016	7.311
1017	11.81
1018	10.8
1019	16.52
1020	20.21
1021	8.422
1022	21.07
1023	19.96
1024	18.38
1025	25.14
1026	30.3
1027	36.05
1028	49.24
1029	68.91
1030	70.7
1031	56.75
1032	73.39
1033	86.36
1034	67.04
1035	39.24
1036	51.56
1037	53.73
1038	65.1
1039	20.03
1040	26.68
1041	27.87
1042	25.15
1043	19.58
1044	29.42
1045	30.31
1046	54.32
1047	88.55
1048	75.48
1049	31.29
1050	36.04
1051	27.66
1052	40.49
1053	41.03
1054	77.23
1055	73.0
1056	38.1
1057	44.93
1058	88.79
1059	96.77
1060	68.01
1061	85.47
1062	81.39
1063	42.87
1064	44.82
1065	53.96
1066	87.67
1067	54.49
1068	69.43
1069	73.64
1070	83.87
1071	82.01
1072	59.48
1073	49.99
1074	58.24
1075	69.05
1076	91.35
1077	86.81
1078	84.16
1079	82.15
1080	69.77
1081	51.85
1082	79.21
1083	63.29
1084	95.94
1085	76.45
1086	84.18
1087	85.98
1088	78.09
1089	54.66
1090	99.98
1091	92.65
1092	88.84
1093	82.87
1094	93.45
1095	98.77
1096	95.81
1097	99.7
1098	90.45
1099	94.26
1100	43.78
1101	36.37
1102	28.84
1103	32.6
1104	42.7
1105	62.06
1106	30.99
1107	32.52
1108	55.43
1109	71.48
1110	76.07
1111	79.99
1112	84.18
1113	94.56
1114	99.19
1115	58.13
1116	95.78
1117	94.56
1118	71.04
1119	70.67
1120	76.52
1121	86.03
1122	79.21
1123	81.36
1124	62.49
1125	59.7
1126	76.65
1127	84.19
1128	53.04
1129	58.52
1130	38.74
1131	60.42
1132	58.59
1133	51.15
1134	75.95
1135	65.55
1136	48.98
1137	95.96
1138	36.95
1139	14.2
1140	7.154
1141	10.82
1142	38.48
1143	39.62
1144	36.94
1145	29.87
1146	69.97
1147	80.05
1148	96.82
1149	49.05
1150	37.81
1151	33.99
1152	17.77
1153	22.44
1154	14.52
1155	13.08
1156	7.653
1157	19.01
1158	10.57
1159	8.962
1160	13.23
1161	12.3
1162	17.33
1163	10.95
1164	9.423
1165	9.584
1166	10.55
1167	9.299
1168	7.027
1169	6.244
1170	9.422
1171	9.167
1172	13.26
1173	14.05
1174	19.05
1175	35.93
1176	30.02
1177	35.98
1178	40.57
1179	75.45
1180	57.26
1181	88.71
1182	86.53
1183	91.61
1184	83.93
1185	75.36
1186	62.77
1187	45.09
1188	39.33
1189	33.25
1190	52.83
1191	46.05
1192	28.21
1193	54.0
1194	54.68
1195	37.6
1196	31.83
1197	23.14
1198	32.46
1199	12.45
1200	11.72
1201	11.77
1202	11.0
1203	17.08
1204	15.15
1205	15.39
1206	19.5
1207	38.67
1208	46.33
1209	39.15
1210	64.07
1211	35.37
1212	89.24
1213	62.13
1214	97.57
1215	64.17
1216	65.93
1217	41.11
1218	30.01
1219	95.92
1220	77.87
1221	47.19
1222	21.03
1223	72.51
1224	98.57
1225	83.3
1226	66.28
1227	55.97
1228	51.54
1229	34.52
1230	20.69
1231	17.82
1232	26.34
1233	19.85
1234	37.18
1235	30.4
1236	38.65
1237	45.16
1238	61.83
1239	63.44
1240	84.06
1241	32.52
1242	87.69
1243	94.42
1244	41.24
1245	37.05
1246	32.62
1247	82.88
1248	41.6
1249	28.22
1250	36.37
1251	94.01
1252	98.45
1253	45.33
1254	47.66
1255	31.37
1256	40.53
1257	88.95
1258	77.82
1259	72.66
1260	34.97
1261	44.72
1262	38.89
1263	30.65
1264	55.56
1265	39.45
1266	69.09
1267	81.92
1268	84.68
1269	77.3
1270	83.8
1271	69.98
1272	59.82
1273	69.74
1274	89.05
1275	58.79
1276	28.06
1277	17.77
1278	12.92
1279	16.11
1280	9.99
1281	14.82
1282	16.36
1283	12.69
1284	18.38
1285	34.17
1286	24.12
1287	63.97
1288	55.91
1289	49.91
1290	49.89
1291	47.78
1292	68.74
1293	54.69
1294	40.78
1295	42.34
1296	36.35
1297	39.06
1298	53.21
1299	28.57
1300	73.07
1301	76.82
1302	52.35
1303	56.96
1304	86.89
1305	88.81
1306	51.38
1307	58.82
1308	76.03
1309	67.62
1310	77.84
1311	67.14
1312	58.75
1313	68.19
1314	75.77
1315	52.69
1316	96.8
1317	96.5
1318	66.67
1319	88.98
1320	50.13
1321	64.31
1322	87.3
1323	65.35
1324	67.81
1325	62.19
1326	89.99
1327	99.95
1328	80.17
1329	76.8
1330	64.34
1331	89.86
1332	83.35
1333	84.07
1334	97.14
1335	93.58
1336	92.2
1337	81.01
1338	84.68
1339	79.85
1340	82.03
1341	80.62
1342	61.0
1343	21.48
1344	19.97
1345	38.45
1346	22.25
1347	30.32
1348	31.79
1349	28.92
1350	46.2
1351	78.15
1352	83.75
1353	76.46
1354	94.36
1355	44.62
1356	50.95
1357	35.18
1358	20.85
1359	20.54
1360	30.37
1361	32.65
1362	45.2
1363	66.23
1364	57.03
1365	89.41
1366	71.63
1367	47.85
1368	65.5
1369	78.87
1370	80.25
1371	54.17
1372	50.03
1373	53.47
1374	66.64
1375	51.07
1376	27.15
1377	56.0
1378	21.69
1379	35.07
1380	26.99
1381	44.1
1382	33.91
1383	54.23
1384	64.78
1385	63.46
1386	61.08
1387	72.9
1388	46.52
1389	51.32
1390	41.63
1391	44.03
1392	44.83
1393	50.5
1394	53.48
1395	75.05
1396	80.46
1397	97.53
1398	89.02
1399	99.2
1400	64.56
1401	49.91
1402	39.4
1403	53.04
1404	69.25
1405	50.79
1406	40.14
1407	22.04
1408	30.53
1409	35.47
1410	67.97
1411	43.06
1412	57.32
1413	40.25
1414	32.23
1415	32.87
1416	32.93
1417	17.27
1418	17.39
1419	15.07
1420	13.82
1421	8.663
1422	3.195
1423	2.916
1424	4.287
1425	2.563
1426	3.306
1427	3.328
1428	5.73
1429	5.517
1430	4.745
1431	7.077
1432	8.587
1433	9.307
1434	7.812
1435	21.36
1436	20.01
1437	37.21
1438	30.59
1439	26.03
1440	28.37
1441	22.03
1442	32.64
1443	32.21
1444	12.11
1445	11.34
1446	7.593
1447	4.417
1448	4.093
1449	5.975
1450	6.569
1451	5.987
1452	6.745
1453	2.92
1454	2.958
1455	3.419
1456	5.441
1457	11.65
1458	9.688
1459	22.67
1460	69.62
1461	71.45
1462	74.58
1463	69.63
1464	52.21
1465	33.36
1466	86.8
1467	39.02
1468	23.14
1469	20.82
1470	24.39
1471	46.79
1472	53.18
1473	51.24
1474	47.41
1475	34.78
1476	81.71
1477	42.09
1478	24.54
1479	30.41
1480	23.51
1481	17.7
1482	22.92
1483	51.86
1484	81.42
1485	83.3
1486	93.34
1487	84.68
1488	97.16
1489	96.6
1490	49.64
1491	92.78
1492	39.12
1493	38.84
1494	42.85
1495	53.98
1496	27.74
1497	23.63
1498	21.12
1499	26.31
1500	19.36
1501	12.27
1502	19.0
1503	18.55
1504	19.07
1505	36.65
1506	63.92
1507	83.75
1508	94.35
1509	82.22
1510	37.87
1511	65.36
1512	82.61
1513	78.87
1514	62.58
1515	42.96
1516	25.15
1517	54.48
1518	50.69
1519	34.43
1520	51.94
1521	40.14
1522	98.62
1523	65.73
1524	65.0
1525	98.8
1526	43.7
1527	54.33
1528	31.76
1529	94.95
1530	73.27
1531	99.23
1532	86.65
1533	62.3
1534	74.53
1535	70.92
1536	84.1
1537	71.4
1538	53.99
1539	91.84
1540	99.8
1541	92.01
1542	78.78
1543	70.85
1544	56.58
1545	85.25
1546	47.51
1547	40.86
1548	71.92
1549	83.69
1550	43.59
1551	58.15
1552	54.53
1553	63.51
1554	84.45
1555	95.98
1556	98.64
1557	96.79
1558	95.56
1559	93.17
1560	75.04
1561	89.86
1562	79.37
1563	95.13
1564	74.82
1565	77.7
1566	99.14
1567	54.07
1568	24.02
1569	97.63
1570	56.27
1571	57.21
1572	75.66
1573	75.06
1574	46.68
1575	43.92
1576	26.27
1577	47.77
1578	78.51
1579	61.09
1580	94.86
1581	88.33
1582	93.94
1583	36.97
1584	26.04
1585	30.27
1586	28.0
1587	27.28
1588	37.68
1589	61.37
1590	54.14
1591	58.44
1592	48.75
1593	71.46
1594	98.59
1595	88.09
1596	95.61
1597	96.39
1598	83.23
1599	66.59
1600	62.07
1601	75.32
1602	55.54
1603	65.49
1604	85.51
1605	78.02
1606	81.14
1607	97.13
1608	97.65
1609	77.72
1610	34.28
1611	37.0
1612	45.63
1613	85.91
1614	99.36
1615	82.56
1616	90.38
1617	87.1
1618	90.61
1619	90.5
1620	81.39
1621	70.27
1622	52.99
1623	89.12
1624	97.1
1625	79.71
1626	91.02
1627	66.62
1628	62.92
1629	99.76
1630	92.11
1631	50.04
1632	36.48
1633	39.86
1634	20.12
1635	15.63
1636	16.96
1637	56.74
1638	32.67
1639	39.29
1640	40.88
1641	40.8
1642	51.11
1643	79.47
1644	91.55
1645	88.04
1646	95.5
1647	35.81
1648	33.22
1649	37.68
1650	39.87
1651	43.66
1652	98.13
1653	64.13
1654	76.63
1655	72.98
1656	93.9
1657	76.0
1658	91.64
1659	71.41
1660	48.74
1661	38.75
1662	56.25
1663	30.7
1664	11.97
1665	12.35
1666	18.86
1667	34.96
1668	30.94
1669	30.52
1670	34.28
1671	32.61
1672	17.7
1673	12.82
1674	12.23
1675	16.84
1676	13.07
1677	17.81
1678	16.98
1679	17.49
1680	15.12
1681	41.2
1682	27.19
1683	22.16
1684	48.06
1685	44.64
1686	92.58
1687	75.17
1688	86.13
1689	94.47
1690	87.73
1691	95.54
1692	86.17
1693	74.8
1694	36.18
1695	89.57
1696	73.77
1697	80.73
1698	97.97
1699	77.47
1700	92.19
1701	78.39
1702	47.58
1703	71.07
1704	61.12
1705	70.54
1706	71.62
1707	71.48
1708	38.08
1709	18.23
1710	30.65
1711	55.29
1712	63.99
1713	42.43
1714	32.52
1715	41.74
1716	48.99
1717	85.11
1718	82.45
1719	88.64
1720	76.53
1721	62.24
1722	58.22
1723	48.73
1724	50.44
1725	85.96
1726	89.45
1727	32.24
1728	35.51
1729	74.15
1730	39.56
1731	61.62
1732	53.54
1733	89.71
1734	69.74
1735	93.98
1736	85.17
1737	96.38
1738	77.95
1739	92.05
1740	34.24
1741	90.92
1742	84.27
1743	94.44
1744	92.36
1745	44.85
1746	44.84
1747	48.86
1748	79.25
1749	78.51
1750	89.0
1751	87.02
1752	95.28
1753	88.55
1754	66.02
1755	29.31
1756	95.52
1757	94.13
1758	63.03
1759	54.24
1760	80.0
1761	95.44
1762	57.44
1763	40.8
1764	26.29
1765	50.66
1766	37.16
1767	72.26
1768	50.97
1769	47.68
1770	67.78
1771	64.99
1772	55.93
1773	44.34
1774	62.17
1775	86.15
1776	62.49
1777	80.62
1778	79.09
1779	96.51
1780	80.36
1781	59.89
1782	61.77
1783	93.17
1784	96.76
1785	82.08
1786	53.93
1787	70.86
1788	63.39
1789	41.89
1790	33.12
1791	10.85
1792	13.86
1793	13.45
1794	9.277
1795	8.024
1796	8.263
1797	7.571
1798	9.373
1799	10.99
1800	7.989
1801	7.167
1802	6.801
1803	2.461
1804	1.333
1805	1.469
1806	2.171
1807	2.074
1808	2.174
1809	1.145
1810	1.971
1811	1.567
1812	2.485
1813	3.197
1814	3.664
1815	5.219
1816	6.111
1817	5.151
1818	4.34
1819	5.2
1820	5.04
1821	3.526
1822	4.689
1823	3.265
1824	2.891
1825	2.554
1826	2.959
1827	1.903
1828	1.281
1829	1.436
1830	1.775
1831	1.647
1832	2.089
1833	1.167
1834	0.7394
1835	0.7729
1836	0.962
1837	0.6495
1838	0.6407
1839	0.6017
1840	0.9442
1841	1.078
1842	1.233
1843	1.137
1844	0.7286
1845	0.7144
1846	0.8649
1847	0.7739
1848	0.618
1849	0.6481
1850	0.5121
1851	0.6878
1852	0.7699
1853	0.8903
1854	0.9383
1855	0.8785
1856	1.015
1857	1.441
1858	1.863
1859	1.523
1860	2.822
1861	2.907
1862	4.332
1863	4.568
1864	9.577
1865	9.173
1866	9.12
1867	5.357
1868	7.368
1869	10.0
1870	13.26
1871	11.55
1872	11.95
1873	22.25
1874	18.19
1875	20.89
1876	15.72
1877	16.32
1878	12.41
1879	10.56
1880	11.41
1881	17.57
1882	17.2
1883	18.81
1884	46.38
1885	44.97
1886	48.36
1887	37.05
1888	49.46
1889	91.91
1890	53.62
1891	57.86
1892	64.98
1893	70.3
1894	48.62
1895	59.66
1896	41.21
1897	83.09
1898	96.1
1899	39.71
1900	77.47
1901	81.08
1902	79.6
1903	63.98
1904	64.69
1905	76.36
1906	44.91
1907	91.03
1908	74.78
1909	66.27
1910	54.97
1911	61.03
1912	53.32
1913	51.19
1914	90.17
1915	87.88
1916	65.28
1917	59.65
1918	66.84
1919	32.19
1920	27.08
1921	30.84
1922	18.99
1923	18.65
1924	17.9
1925	48.69
1926	25.59
1927	21.27
1928	25.45
1929	14.3
1930	13.5
1931	32.04
1932	51.68
1933	41.76
1934	37.31
1935	57.63
1936	99.06
1937	99.38
1938	63.5
1939	79.87
1940	81.97
1941	59.97
1942	61.04
1943	81.95
1944	81.26
1945	41.26
1946	43.33
1947	38.33
1948	28.24
1949	18.13
1950	26.58
1951	27.09
1952	22.35
1953	49.06
1954	34.38
1955	28.38
1956	87.85
1957	79.17
1958	78.11
1959	83.3
1960	78.17
1961	69.82
1962	81.6
1963	69.69
1964	97.3
1965	99.29
1966	91.77
1967	47.22
1968	59.69
1969	54.32
1970	89.83
1971	60.9
1972	65.93
1973	33.99
1974	31.56
1975	33.77
1976	40.18
1977	76.81
1978	33.55
1979	42.01
1980	44.95
1981	29.21
1982	45.21
1983	68.02
1984	56.86
1985	60.45
1986	65.37
1987	72.93
1988	88.58
1989	73.2
1990	55.97
1991	89.42
1992	84.58
1993	64.84
1994	79.54
1995	51.65
1996	91.12
1997	81.21
1998	52.93
1999	60.01
2000	55.03
