1001	63.0
1002	61.0
1003	57.0
1004	57.0
1005	57.0
1006	55.0
1007	53.0
1008	56.0
1009	55.0
1010	58.0
1011	57.0
1012	59.0
1013	64.0
1014	64.0
1015	63.0
1016	63.0
1017	62.0
1018	65.0
1019	65.0
1020	61.0
1021	63.0
1022	65.0
1023	65.0
1024	65.0
1025	63.0
1026	60.0
1027	60.0
1028	57.0
1029	50.0
1030	43.0
1031	44.0
1032	47.0
1033	54.0
1034	55.0
1035	57.0
1036	56.0
1037	56.0
1038	55.0
1039	60.0
1040	64.0
1041	63.0
1042	63.0
1043	62.0
1044	61.0
1045	63.0
1046	60.0
1047	57.0
1048	56.0
1049	55.0
1050	53.0
1051	52.0
1052	46.0
1053	43.0
1054	38.0
1055	44.0
1056	43.0
1057	43.0
1058	43.0
1059	44.0
1060	48.0
1061	52.0
1062	59.0
1063	62.0
1064	63.0
1065	62.0
1066	60.0
1067	63.0
1068	64.0
1069	65.0
1070	65.0
1071	64.0
1072	65.0
1073	65.0
1074	64.0
1075	61.0
1076	59.0
1077	62.0
1078	61.0
1079	54.0
1080	54.0
1081	55.0
1082	58.0
1083	61.0
1084	60.0
1085	64.0
1086	61.0
1087	63.0
1088	61.0
1089	58.0
1090	57.0
1091	59.0
1092	56.0
1093	55.0
1094	47.0
1095	41.0
1096	44.0
1097	43.0
1098	45.0
1099	50.0
1100	44.0
1101	49.0
1102	47.0
1103	50.0
1104	53.0
1105	46.0
1106	43.0
1107	37.0
1108	38.0
1109	44.0
1110	42.0
1111	46.0
1112	52.0
1113	52.0
1114	49.0
1115	50.0
1116	53.0
1117	54.0
1118	59.0
1119	63.0
1120	59.0
1121	60.0
1122	61.0
1123	56.0
1124	55.0
1125	51.0
1126	54.0
1127	47.0
1128	49.0
1129	49.0
1130	47.0
1131	47.0
1132	49.0
1133	45.0
1134	45.0
1135	42.0
1136	37.0
1137	43.0
1138	40.0
1139	42.0
1140	45.0
1141	42.0
1142	46.0
1143	45.0
1144	42.0
1145	45.0
1146	51.0
1147	43.0
1148	50.0
1149	51.0
1150	49.0
1151	50.0
1152	48.0
1153	51.0
1154	45.0
1155	37.0
1156	36.0
1157	46.0
1158	53.0
1159	52.0
1160	51.0
1161	52.0
1162	53.0
1163	54.0
1164	60.0
1165	60.0
1166	54.0
1167	61.0
1168	54.0
1169	51.0
1170	41.0
1171	53.0
1172	58.0
1173	58.0
1174	61.0
1175	61.0
1176	63.0
1177	62.0
1178	64.0
1179	64.0
1180	62.0
1181	64.0
1182	63.0
1183	65.0
1184	65.0
1185	64.0
1186	64.0
1187	65.0
1188	64.0
1189	61.0
1190	58.0
1191	58.0
1192	50.0
1193	52.0
1194	56.0
1195	56.0
1196	52.0
1197	51.0
1198	49.0
1199	48.0
1200	47.0
1201	50.0
1202	47.0
1203	42.0
1204	45.0
1205	47.0
1206	43.0
1207	48.0
1208	56.0
1209	55.0
1210	54.0
1211	57.0
1212	60.0
1213	58.0
1214	51.0
1215	55.0
1216	55.0
1217	48.0
1218	44.0
1219	40.0
1220	42.0
1221	43.0
1222	45.0
1223	51.0
1224	50.0
1225	47.0
1226	52.0
1227	57.0
1228	55.0
1229	57.0
1230	59.0
1231	56.0
1232	53.0
1233	57.0
1234	55.0
1235	62.0
1236	61.0
1237	55.0
1238	53.0
1239	52.0
1240	49.0
1241	49.0
1242	42.0
1243	46.0
1244	52.0
1245	47.0
1246	44.0
1247	48.0
1248	55.0
1249	48.0
1250	56.0
1251	51.0
1252	54.0
1253	59.0
1254	59.0
1255	61.0
1256	61.0
1257	55.0
1258	54.0
1259	45.0
1260	51.0
1261	55.0
1262	57.0
1263	60.0
1264	63.0
1265	63.0
1266	60.0
1267	62.0
1268	64.0
1269	59.0
1270	59.0
1271	50.0
1272	41.0
1273	42.0
1274	46.0
1275	40.0
1276	34.0
1277	39.0
1278	29.0
1279	39.0
1280	41.0
1281	38.0
1282	41.0
1283	47.0
1284	50.0
1285	43.0
1286	44.0
1287	41.0
1288	35.0
1289	44.0
1290	35.0
1291	30.0
1292	33.0
1293	31.0
1294	29.0
1295	29.0
1296	34.0
1297	37.0
1298	30.0
1299	41.0
1300	48.0
1301	50.0
1302	49.0
1303	50.0
1304	58.0
1305	63.0
1306	65.0
1307	65.0
1308	63.0
1309	64.0
1310	60.0
1311	58.0
1312	57.0
1313	57.0
1314	55.0
1315	52.0
1316	52.0
1317	49.0
1318	52.0
1319	57.0
1320	54.0
1321	51.0
1322	48.0
1323	52.0
1324	50.0
1325	51.0
1326	56.0
1327	57.0
1328	54.0
1329	51.0
1330	50.0
1331	52.0
1332	50.0
1333	49.0
1334	46.0
1335	53.0
1336	62.0
1337	64.0
1338	64.0
1339	58.0
1340	60.0
1341	59.0
1342	56.0
1343	55.0
1344	54.0
1345	50.0
1346	54.0
1347	52.0
1348	54.0
1349	57.0
1350	53.0
1351	52.0
1352	52.0
1353	37.0
1354	41.0
1355	41.0
1356	43.0
1357	45.0
1358	51.0
1359	51.0
1360	56.0
1361	50.0
1362	42.0
1363	38.0
1364	40.0
1365	39.0
1366	39.0
1367	38.0
1368	40.0
1369	42.0
1370	45.0
1371	40.0
1372	43.0
1373	42.0
1374	42.0
1375	39.0
1376	37.0
1377	37.0
1378	35.0
1379	30.0
1380	38.0
1381	39.0
1382	45.0
1383	45.0
1384	39.0
1385	41.0
1386	41.0
1387	45.0
1388	39.0
1389	42.0
1390	32.0
1391	33.0
1392	20.0
1393	17.0
1394	19.0
1395	16.0
1396	13.0
1397	16.0
1398	23.0
1399	31.0
1400	37.0
1401	45.0
1402	45.0
1403	38.0
1404	42.0
1405	45.0
1406	44.0
1407	47.0
1408	55.0
1409	46.0
1410	48.0
1411	55.0
1412	54.0
1413	58.0
1414	61.0
1415	59.0
1416	57.0
1417	55.0
1418	57.0
1419	49.0
1420	52.0
1421	49.0
1422	44.0
1423	49.0
1424	47.0
1425	47.0
1426	59.0
1427	61.0
1428	58.0
1429	56.0
1430	60.0
1431	62.0
1432	59.0
1433	58.0
1434	62.0
1435	61.0
1436	62.0
1437	57.0
1438	61.0
1439	58.0
1440	57.0
1441	60.0
1442	60.0
1443	56.0
1444	55.0
1445	55.0
1446	59.0
1447	57.0
1448	52.0
1449	55.0
1450	52.0
1451	52.0
1452	57.0
1453	59.0
1454	61.0
1455	61.0
1456	64.0
1457	65.0
1458	64.0
1459	62.0
1460	64.0
1461	65.0
1462	65.0
1463	63.0
1464	63.0
1465	51.0
1466	55.0
1467	52.0
1468	50.0
1469	41.0
1470	45.0
1471	47.0
1472	40.0
1473	43.0
1474	41.0
1475	43.0
1476	50.0
1477	54.0
1478	51.0
1479	51.0
1480	54.0
1481	55.0
1482	60.0
1483	61.0
1484	60.0
1485	60.0
1486	59.0
1487	60.0
1488	60.0
1489	64.0
1490	64.0
1491	65.0
1492	65.0
1493	64.0
1494	65.0
1495	62.0
1496	64.0
1497	63.0
1498	64.0
1499	59.0
1500	61.0
1501	61.0
1502	61.0
1503	62.0
1504	61.0
1505	63.0
1506	64.0
1507	59.0
1508	59.0
1509	57.0
1510	60.0
1511	61.0
1512	61.0
1513	58.0
1514	62.0
1515	60.0
1516	63.0
1517	60.0
1518	51.0
1519	51.0
1520	52.0
1521	45.0
1522	50.0
1523	51.0
1524	58.0
1525	59.0
1526	58.0
1527	55.0
1528	61.0
1529	63.0
1530	63.0
1531	57.0
1532	57.0
1533	61.0
1534	64.0
1535	62.0
1536	62.0
1537	56.0
1538	53.0
1539	54.0
1540	58.0
1541	53.0
1542	61.0
1543	60.0
1544	61.0
1545	64.0
1546	62.0
1547	59.0
1548	60.0
1549	58.0
1550	56.0
1551	53.0
1552	54.0
1553	46.0
1554	48.0
1555	45.0
1556	44.0
1557	44.0
1558	48.0
1559	48.0
1560	47.0
1561	41.0
1562	37.0
1563	44.0
1564	55.0
1565	56.0
1566	60.0
1567	53.0
1568	60.0
1569	63.0
1570	62.0
1571	63.0
1572	58.0
1573	60.0
1574	56.0
1575	62.0
1576	62.0
1577	60.0
1578	63.0
1579	65.0
1580	65.0
1581	52.0
1582	47.0
1583	51.0
1584	51.0
1585	53.0
1586	56.0
1587	59.0
1588	51.0
1589	54.0
1590	55.0
1591	56.0
1592	53.0
1593	51.0
1594	57.0
1595	64.0
1596	62.0
1597	61.0
1598	54.0
1599	58.0
1600	63.0
1601	60.0
1602	58.0
1603	60.0
1604	63.0
1605	63.0
1606	59.0
1607	57.0
1608	60.0
1609	59.0
1610	58.0
1611	60.0
1612	56.0
1613	54.0
1614	56.0
1615	55.0
1616	59.0
1617	56.0
1618	59.0
1619	59.0
1620	58.0
1621	52.0
1622	48.0
1623	48.0
1624	47.0
1625	47.0
1626	43.0
1627	52.0
1628	51.0
1629	48.0
1630	42.0
1631	48.0
1632	53.0
1633	57.0
1634	55.0
1635	51.0
1636	50.0
1637	54.0
1638	58.0
1639	58.0
1640	58.0
1641	57.0
1642	55.0
1643	51.0
1644	53.0
1645	59.0
1646	60.0
1647	62.0
1648	61.0
1649	61.0
1650	63.0
1651	62.0
1652	60.0
1653	51.0
1654	53.0
1655	46.0
1656	42.0
1657	39.0
1658	46.0
1659	52.0
1660	53.0
1661	48.0
1662	46.0
1663	41.0
1664	42.0
1665	38.0
1666	37.0
1667	35.0
1668	20.0
1669	23.0
1670	21.0
1671	26.0
1672	33.0
1673	33.0
1674	27.0
1675	20.0
1676	22.0
1677	28.0
1678	33.0
1679	28.0
1680	23.0
1681	26.0
1682	29.0
1683	29.0
1684	32.0
1685	34.0
1686	40.0
1687	42.0
1688	38.0
1689	42.0
1690	32.0
1691	26.0
1692	28.0
1693	31.0
1694	29.0
1695	28.0
1696	33.0
1697	36.0
1698	28.0
1699	28.0
1700	21.0
1701	28.0
1702	23.0
1703	26.0
1704	31.0
1705	26.0
1706	25.0
1707	22.0
1708	21.0
1709	14.0
1710	27.0
1711	27.0
1712	24.0
1713	31.0
1714	28.0
1715	28.0
1716	34.0
1717	41.0
1718	43.0
1719	50.0
1720	48.0
1721	57.0
1722	63.0
1723	62.0
1724	65.0
1725	63.0
1726	63.0
1727	64.0
1728	64.0
1729	62.0
1730	63.0
1731	65.0
1732	65.0
1733	60.0
1734	62.0
1735	62.0
1736	59.0
1737	58.0
1738	58.0
1739	54.0
1740	47.0
1741	45.0
1742	41.0
1743	43.0
1744	42.0
1745	44.0
1746	36.0
1747	34.0
1748	43.0
1749	42.0
1750	35.0
1751	38.0
1752	37.0
1753	39.0
1754	31.0
1755	41.0
1756	41.0
1757	43.0
1758	53.0
1759	50.0
1760	54.0
1761	58.0
1762	62.0
1763	60.0
1764	63.0
1765	62.0
1766	62.0
1767	58.0
1768	60.0
1769	59.0
1770	60.0
1771	60.0
1772	64.0
1773	64.0
1774	64.0
1775	65.0
1776	64.0
1777	65.0
1778	65.0
1779	64.0
1780	63.0
1781	65.0
1782	65.0
1783	64.0
1784	63.0
1785	63.0
1786	63.0
1787	56.0
1788	56.0
1789	51.0
1790	50.0
1791	45.0
1792	46.0
1793	52.0
1794	49.0
1795	43.0
1796	44.0
1797	41.0
1798	41.0
1799	37.0
1800	32.0
1801	39.0
1802	35.0
1803	28.0
1804	25.0
1805	19.0
1806	21.0
1807	34.0
1808	33.0
1809	25.0
1810	31.0
1811	28.0
1812	31.0
1813	32.0
1814	25.0
1815	34.0
1816	40.0
1817	36.0
1818	32.0
1819	31.0
1820	31.0
1821	39.0
1822	38.0
1823	49.0
1824	46.0
1825	41.0
1826	49.0
1827	52.0
1828	49.0
1829	46.0
1830	43.0
1831	47.0
1832	46.0
1833	41.0
1834	46.0
1835	40.0
1836	40.0
1837	38.0
1838	41.0
1839	46.0
1840	49.0
1841	50.0
1842	52.0
1843	54.0
1844	49.0
1845	59.0
1846	58.0
1847	60.0
1848	61.0
1849	62.0
1850	59.0
1851	57.0
1852	55.0
1853	59.0
1854	54.0
1855	49.0
1856	52.0
1857	56.0
1858	55.0
1859	59.0
1860	61.0
1861	53.0
1862	52.0
1863	48.0
1864	54.0
1865	54.0
1866	48.0
1867	55.0
1868	51.0
1869	61.0
1870	62.0
1871	62.0
1872	62.0
1873	58.0
1874	60.0
1875	58.0
1876	56.0
1877	62.0
1878	63.0
1879	61.0
1880	62.0
1881	62.0
1882	60.0
1883	64.0
1884	62.0
1885	63.0
1886	63.0
1887	60.0
1888	60.0
1889	60.0
1890	46.0
1891	38.0
1892	47.0
1893	43.0
1894	46.0
1895	52.0
1896	51.0
1897	49.0
1898	48.0
1899	43.0
1900	41.0
1901	46.0
1902	44.0
1903	44.0
1904	40.0
1905	36.0
1906	37.0
1907	38.0
1908	36.0
1909	46.0
1910	50.0
1911	54.0
1912	60.0
1913	60.0
1914	53.0
1915	59.0
1916	59.0
1917	59.0
1918	59.0
1919	57.0
1920	59.0
1921	45.0
1922	48.0
1923	46.0
1924	44.0
1925	53.0
1926	55.0
1927	58.0
1928	54.0
1929	48.0
1930	49.0
1931	48.0
1932	46.0
1933	54.0
1934	58.0
1935	61.0
1936	61.0
1937	61.0
1938	60.0
1939	59.0
1940	55.0
1941	60.0
1942	60.0
1943	57.0
1944	56.0
1945	60.0
1946	56.0
1947	55.0
1948	49.0
1949	49.0
1950	52.0
1951	55.0
1952	55.0
1953	57.0
1954	56.0
1955	55.0
1956	53.0
1957	54.0
1958	57.0
1959	57.0
1960	54.0
1961	55.0
1962	57.0
1963	57.0
1964	53.0
1965	48.0
1966	51.0
1967	46.0
1968	35.0
1969	40.0
1970	35.0
1971	35.0
1972	32.0
1973	34.0
1974	38.0
1975	38.0
1976	40.0
1977	38.0
1978	36.0
1979	38.0
1980	45.0
1981	44.0
1982	38.0
1983	41.0
1984	43.0
1985	48.0
1986	45.0
1987	41.0
1988	40.0
1989	38.0
1990	35.0
1991	39.0
1992	33.0
1993	25.0
1994	29.0
1995	37.0
1996	53.0
1997	57.0
1998	57.0
1999	55.0
2000	55.0
1001	0.03514
1002	0.09719
1003	0.3358
1004	0.0547
1005	0.1056
1006	0.1711
1007	0.11
1008	0.2656
1009	0.04782
1010	0.05863
1011	0.07175
1012	0.0151
1013	0.02901
1014	0.02092
1015	0.01384
1016	0.3709
1017	0.2414
1018	0.1604
1019	0.1093
1020	0.2775
1021	0.1867
1022	0.2182
1023	0.0218
1024	0.1812
1025	0.1821
1026	0.005426
1027	0.06774
1028	0.1155
1029	0.06967
1030	0.01408
1031	0.06011
1032	0.08655
1033	0.1041
1034	0.07325
1035	0.02693
1036	0.3424
1037	0.3018
1038	0.2663
1039	0.1077
1040	0.08515
1041	0.1773
1042	0.2477
1043	0.0487
1044	0.4086
1045	0.1715
1046	0.2355
1047	0.2422
1048	0.01532
1049	0.03147
1050	0.08841
1051	0.008819
1052	0.04669
1053	0.02209
1054	0.03429
1055	0.1657
1056	0.1644
1057	0.1304
1058	0.221
1059	0.1075
1060	0.07334
1061	0.0692
1062	0.07841
1063	0.05189
1064	0.04915
1065	0.03444
1066	0.07558
1067	0.03191
1068	0.0112
1069	0.05371
1070	0.1073
1071	0.06002
1072	0.09597
1073	0.1939
1074	0.2048
1075	0.3332
1076	0.029
1077	0.01364
1078	0.1057
1079	0.2095
1080	0.001914
1081	0.1937
1082	0.02729
1083	0.08662
1084	0.04307
1085	0.02135
1086	0.04291
1087	0.1377
1088	0.1716
1089	0.06149
1090	0.006639
1091	0.01033
1092	0.006747
1093	0.007165
1094	0.01835
1095	0.0416
1096	0.05867
1097	0.09906
1098	0.09935
1099	0.2515
1100	0.009171
1101	0.2254
1102	0.003684
1103	0.02442
1104	0.08769
1105	0.08548
1106	0.1392
1107	0.1242
1108	0.1831
1109	0.2369
1110	0.2441
1111	0.01538
1112	0.01872
1113	0.1118
1114	0.02581
1115	0.02912
1116	0.02551
1117	0.0274
1118	0.05416
1119	0.0142
1120	0.03277
1121	0.007498
1122	0.09201
1123	0.1039
1124	0.1194
1125	0.05981
1126	0.2932
1127	0.09643
1128	0.1285
1129	0.09138
1130	0.0403
1131	0.06118
1132	0.06097
1133	0.01382
1134	0.002816
1135	0.1878
1136	0.05434
1137	0.112
1138	0.01392
1139	0.1022
1140	0.04382
1141	0.1312
1142	0.01943
1143	0.1341
1144	0.2741
1145	0.02968
1146	0.02856
1147	0.02221
1148	0.2102
1149	0.1035
1150	0.127
1151	0.09273
1152	0.1253
1153	0.05882
1154	0.0363
1155	0.2271
1156	0.2264
1157	0.05273
1158	0.04271
1159	0.208
1160	0.1385
1161	0.1493
1162	0.1737
1163	0.1065
1164	0.03498
1165	0.09518
1166	0.1566
1167	0.1724
1168	0.0272
1169	0.008681
1170	0.03306
1171	0.1659
1172	0.06389
1173	0.06864
1174	0.06233
1175	0.01736
1176	0.07443
1177	0.005149
1178	0.2593
1179	0.2737
1180	0.2775
1181	0.2264
1182	0.1792
1183	0.216
1184	0.275
1185	0.2299
1186	0.2392
1187	0.1545
1188	0.2497
1189	0.2319
1190	0.04979
1191	0.134
1192	0.0603
1193	0.06932
1194	0.09174
1195	0.001943
1196	0.02248
1197	0.03917
1198	0.02993
1199	0.08984
1200	0.08722
1201	0.05774
1202	0.05801
1203	0.0101
1204	0.042
1205	0.01964
1206	0.1102
1207	0.04919
1208	0.04358
1209	0.1083
1210	0.2036
1211	0.2257
1212	0.378
1213	0.08738
1214	0.1496
1215	0.2247
1216	0.2306
1217	0.3454
1218	0.05347
1219	0.0154
1220	0.1677
1221	0.06593
1222	0.2662
1223	0.2661
1224	0.2596
1225	0.0707
1226	0.1639
1227	0.3064
1228	0.1466
1229	0.1995
1230	0.2768
1231	0.1172
1232	0.04844
1233	0.1365
1234	0.1825
1235	0.123
1236	0.1133
1237	0.06876
1238	0.02144
1239	0.0793
1240	0.04836
1241	0.03932
1242	0.07954
1243	0.1913
1244	0.01752
1245	0.1198
1246	0.1995
1247	0.1579
1248	0.1543
1249	0.08036
1250	0.05129
1251	0.04502
1252	0.01976
1253	0.04465
1254	0.144
1255	0.1851
1256	0.1284
1257	0.1384
1258	0.01602
1259	0.2905
1260	0.2447
1261	0.1786
1262	0.1531
1263	0.02751
1264	0.04326
1265	0.04019
1266	0.156
1267	0.1857
1268	0.2353
1269	0.317
1270	0.2778
1271	0.07604
1272	0.1662
1273	0.1189
1274	0.04757
1275	0.1668
1276	0.1835
1277	0.0514
1278	0.1333
1279	0.1399
1280	0.08481
1281	0.09516
1282	0.1814
1283	0.1175
1284	0.1496
1285	0.09778
1286	0.06499
1287	0.2157
1288	0.0271
1289	0.01982
1290	0.2423
1291	0.01476
1292	0.03197
1293	0.05036
1294	0.1345
1295	0.241
1296	0.2278
1297	0.03795
1298	0.1211
1299	0.05525
1300	0.02801
1301	0.09256
1302	0.0672
1303	0.06617
1304	0.1766
1305	0.2208
1306	0.2219
1307	0.0932
1308	0.06953
1309	0.01939
1310	0.05656
1311	0.04295
1312	0.01068
1313	0.02229
1314	0.05263
1315	0.08227
1316	0.03414
1317	0.009789
1318	0.02787
1319	0.02895
1320	0.02161
1321	0.02739
1322	0.2362
1323	0.1839
1324	0.155
1325	0.2217
1326	0.1249
1327	0.1054
1328	0.128
1329	0.06401
1330	0.05388
1331	0.1016
1332	0.4545
1333	0.1967
1334	0.0998
1335	0.03387
1336	0.03176
1337	0.2864
1338	0.2057
1339	0.1485
1340	0.3419
1341	0.09841
1342	0.01346
1343	0.1313
1344	0.2028
1345	0.01766
1346	0.01932
1347	0.04122
1348	0.02995
1349	0.02075
1350	0.1974
1351	0.04781
1352	0.02833
1353	0.04236
1354	0.3424
1355	0.3425
1356	0.04946
1357	0.177
1358	0.01661
1359	7.718E-4
1360	0.07462
1361	0.1458
1362	0.08759
1363	0.04038
1364	0.01465
1365	0.01545
1366	0.05761
1367	0.1187
1368	0.109
1369	0.04586
1370	0.04206
1371	0.03119
1372	0.2212
1373	0.253
1374	0.2076
1375	0.1185
1376	0.1728
1377	0.05125
1378	0.02826
1379	0.06261
1380	0.0942
1381	0.1069
1382	0.07058
1383	0.02796
1384	0.02703
1385	0.0181
1386	0.03057
1387	0.002718
1388	5.364E-5
1389	0.1425
1390	0.2513
1391	0.1743
1392	0.1732
1393	0.203
1394	0.1532
1395	0.0457
1396	0.07993
1397	0.1017
1398	0.1263
1399	0.1805
1400	8.854E-4
1401	0.05136
1402	0.0105
1403	0.005302
1404	0.02257
1405	0.0249
1406	0.1955
1407	0.07041
1408	0.07903
1409	0.1221
1410	0.1934
1411	0.1961
1412	0.09099
1413	0.105
1414	0.09272
1415	0.1018
1416	0.0268
1417	0.1702
1418	0.2083
1419	0.245
1420	0.1949
1421	0.1031
1422	0.07066
1423	0.0496
1424	0.02016
1425	0.01115
1426	0.0429
1427	0.03882
1428	0.03196
1429	0.06646
1430	0.01184
1431	0.1033
1432	0.03418
1433	0.03152
1434	0.2227
1435	0.1672
1436	0.1148
1437	0.08145
1438	0.03065
1439	0.04499
1440	0.05075
1441	0.1899
1442	0.1834
1443	0.1826
1444	0.1829
1445	0.1461
1446	0.1673
1447	0.01407
1448	0.01387
1449	0.01314
1450	0.02856
1451	0.05071
1452	0.2779
1453	0.1747
1454	0.1979
1455	0.08012
1456	0.1295
1457	0.1239
1458	0.0208
1459	0.008537
1460	0.08292
1461	0.08948
1462	0.005033
1463	0.1835
1464	0.02813
1465	0.03674
1466	0.1974
1467	0.08921
1468	0.004525
1469	5.421E-4
1470	0.04756
1471	0.0412
1472	0.06195
1473	0.04432
1474	0.009747
1475	3.817E-4
1476	0.04011
1477	0.02501
1478	0.2601
1479	0.07398
1480	0.01274
1481	0.03658
1482	0.08916
1483	0.06537
1484	0.2354
1485	0.214
1486	0.1479
1487	0.1476
1488	0.2304
1489	0.09532
1490	0.04588
1491	0.1175
1492	0.05799
1493	0.03587
1494	0.03412
1495	0.07033
1496	0.2663
1497	0.05428
1498	0.1183
1499	0.09152
1500	0.03666
1501	0.009843
1502	0.01004
1503	0.03085
1504	0.02415
1505	0.1349
1506	0.2003
1507	0.05206
1508	0.01738
1509	0.03057
1510	0.07122
1511	0.1174
1512	0.2774
1513	0.1135
1514	0.05491
1515	0.04775
1516	0.134
1517	0.2477
1518	0.1424
1519	0.02281
1520	0.01408
1521	0.09779
1522	0.2938
1523	0.06436
1524	0.02625
1525	0.04173
1526	0.1129
1527	0.1094
1528	0.03061
1529	0.02356
1530	0.105
1531	0.07115
1532	0.04771
1533	0.04106
1534	0.01304
1535	0.03117
1536	0.01739
1537	0.3873
1538	0.03501
1539	0.03103
1540	0.01736
1541	0.06025
1542	0.3241
1543	0.1706
1544	0.13
1545	0.1407
1546	0.1248
1547	0.09326
1548	0.04766
1549	0.06019
1550	0.06189
1551	0.02533
1552	0.05755
1553	0.09778
1554	0.1873
1555	0.1512
1556	0.07
1557	0.00633
1558	0.218
1559	0.09119
1560	0.09213
1561	0.02299
1562	0.2129
1563	0.004985
1564	0.03629
1565	0.01171
1566	0.1899
1567	0.1091
1568	0.08506
1569	0.03333
1570	0.08057
1571	0.09568
1572	9.276E-4
1573	0.006149
1574	0.1042
1575	0.2607
1576	0.1768
1577	0.1946
1578	0.05721
1579	0.2883
1580	0.09168
1581	0.1365
1582	0.2626
1583	0.05879
1584	0.1021
1585	0.1816
1586	0.06468
1587	0.02484
1588	0.005856
1589	0.03211
1590	0.004879
1591	0.03932
1592	0.008999
1593	0.3398
1594	0.3438
1595	0.05019
1596	0.01765
1597	0.006285
1598	0.1975
1599	0.0545
1600	0.07838
1601	0.158
1602	0.09932
1603	0.06008
1604	0.1448
1605	0.2506
1606	0.192
1607	0.08328
1608	0.0759
1609	0.1339
1610	0.09574
1611	0.03273
1612	0.0568
1613	0.1438
1614	0.08028
1615	0.08274
1616	0.06121
1617	0.05114
1618	0.07197
1619	0.1158
1620	0.1426
1621	0.06284
1622	0.1187
1623	0.1243
1624	0.1567
1625	0.06005
1626	0.02705
1627	0.005688
1628	0.03427
1629	0.0464
1630	0.1712
1631	0.08191
1632	0.02514
1633	0.05069
1634	0.06867
1635	0.07344
1636	0.04125
1637	0.0257
1638	0.0497
1639	0.01053
1640	0.1103
1641	0.08502
1642	0.1051
1643	0.1618
1644	0.1207
1645	0.1204
1646	0.1537
1647	0.1724
1648	0.01644
1649	0.1487
1650	0.1491
1651	0.04202
1652	0.03776
1653	0.1585
1654	0.13
1655	0.0167
1656	0.02936
1657	0.2434
1658	0.1261
1659	0.07186
1660	0.007327
1661	0.009386
1662	0.1507
1663	0.1098
1664	0.0796
1665	0.05926
1666	0.07549
1667	0.003871
1668	0.009259
1669	0.03373
1670	0.03989
1671	0.1974
1672	0.2566
1673	0.151
1674	0.2192
1675	0.2503
1676	0.3806
1677	0.1517
1678	0.05157
1679	0.05457
1680	0.02175
1681	5.969E-5
1682	0.0775
1683	0.001498
1684	0.01444
1685	0.1672
1686	0.1688
1687	0.05996
1688	0.03897
1689	0.07552
1690	0.07122
1691	0.11
1692	0.05349
1693	0.04606
1694	0.06465
1695	0.1228
1696	0.1999
1697	0.1296
1698	0.2171
1699	0.05375
1700	0.168
1701	0.005296
1702	0.02257
1703	0.1382
1704	0.19
1705	0.2046
1706	0.08215
1707	0.1965
1708	0.09097
1709	0.3203
1710	0.2982
1711	0.01054
1712	0.02996
1713	0.01792
1714	0.002399
1715	0.1086
1716	0.08294
1717	0.1407
1718	0.1598
1719	0.2997
1720	0.1471
1721	0.1395
1722	0.1695
1723	0.01403
1724	0.1183
1725	0.05027
1726	0.27
1727	0.1326
1728	0.07253
1729	0.4542
1730	0.05459
1731	0.1532
1732	0.1263
1733	0.06072
1734	0.02824
1735	0.106
1736	0.09516
1737	0.2869
1738	0.0699
1739	0.1026
1740	0.05554
1741	0.02743
1742	0.2191
1743	0.1661
1744	0.1584
1745	0.02384
1746	3.34E-4
1747	0.03589
1748	0.1741
1749	0.1556
1750	0.1957
1751	0.09026
1752	0.1592
1753	6.154E-4
1754	0.05649
1755	0.09876
1756	0.02301
1757	0.125
1758	0.1814
1759	0.105
1760	0.099
1761	0.02592
1762	0.003288
1763	0.0686
1764	0.2024
1765	0.1479
1766	0.1362
1767	0.3768
1768	0.3563
1769	0.433
1770	0.2118
1771	0.145
1772	0.04251
1773	0.09717
1774	0.02619
1775	0.1089
1776	0.1119
1777	0.1977
1778	0.05875
1779	0.04475
1780	0.06661
1781	0.14
1782	0.1222
1783	0.1367
1784	0.1748
1785	0.1692
1786	0.07903
1787	0.05891
1788	0.08612
1789	0.1044
1790	0.02386
1791	0.03739
1792	0.1151
1793	0.02791
1794	0.04598
1795	0.04753
1796	0.05495
1797	0.1279
1798	0.03933
1799	0.01401
1800	0.1172
1801	0.01215
1802	0.06841
1803	0.06226
1804	0.1552
1805	0.2224
1806	0.05233
1807	0.001673
1808	0.03974
1809	0.1876
1810	0.05579
1811	0.0246
1812	0.1468
1813	0.1407
1814	0.09023
1815	0.03705
1816	0.07188
1817	0.05038
1818	0.05158
1819	0.08293
1820	0.1354
1821	0.07728
1822	0.07266
1823	0.1767
1824	0.2089
1825	0.1183
1826	0.2005
1827	0.1794
1828	0.1129
1829	0.1617
1830	0.2007
1831	0.1634
1832	0.1691
1833	0.07259
1834	0.01265
1835	0.007123
1836	0.2623
1837	0.09987
1838	0.1375
1839	0.1445
1840	0.2398
1841	0.1112
1842	0.2824
1843	0.2682
1844	0.5179
1845	0.2209
1846	0.08181
1847	0.07382
1848	0.03626
1849	0.03445
1850	0.009522
1851	0.009313
1852	0.02003
1853	0.1889
1854	0.05502
1855	0.09917
1856	0.2183
1857	0.03891
1858	0.0074
1859	0.01798
1860	0.01551
1861	0.03708
1862	0.06876
1863	0.04492
1864	0.07879
1865	0.02962
1866	0.04987
1867	0.02592
1868	0.03319
1869	0.07212
1870	0.1022
1871	0.01525
1872	0.01325
1873	0.1374
1874	0.1129
1875	0.02208
1876	0.2287
1877	0.2183
1878	0.1713
1879	0.02054
1880	0.002768
1881	0.07533
1882	0.2403
1883	0.02915
1884	0.06012
1885	0.08938
1886	0.1365
1887	0.121
1888	0.1481
1889	0.01624
1890	0.01928
1891	0.002837
1892	0.003649
1893	0.0157
1894	0.07143
1895	0.004579
1896	0.01673
1897	0.1544
1898	0.02219
1899	0.04082
1900	0.006075
1901	0.2698
1902	0.2031
1903	0.03648
1904	0.1135
1905	0.1544
1906	0.05101
1907	0.03776
1908	0.06696
1909	0.2167
1910	0.1919
1911	0.002603
1912	0.004506
1913	0.02353
1914	0.1493
1915	0.2951
1916	0.2012
1917	0.2713
1918	0.02887
1919	0.0135
1920	0.01077
1921	0.0088
1922	0.03257
1923	0.08272
1924	0.05851
1925	0.03727
1926	0.01369
1927	0.105
1928	0.1987
1929	0.01928
1930	0.01627
1931	0.0169
1932	0.002426
1933	0.002742
1934	0.03284
1935	0.1399
1936	0.1604
1937	0.2374
1938	0.2346
1939	0.1813
1940	0.02047
1941	0.04281
1942	0.03986
1943	0.05112
1944	0.05066
1945	0.1033
1946	0.1117
1947	0.04402
1948	0.001186
1949	0.07831
1950	0.09495
1951	0.03787
1952	0.01477
1953	0.1855
1954	0.1506
1955	0.06954
1956	0.04158
1957	0.02667
1958	0.001245
1959	0.02651
1960	0.02082
1961	0.04047
1962	0.003674
1963	0.003647
1964	0.006207
1965	0.1816
1966	0.2164
1967	0.184
1968	6.04E-4
1969	0.04134
1970	0.09103
1971	0.02236
1972	0.009586
1973	0.1309
1974	0.1855
1975	0.02426
1976	0.023
1977	0.06541
1978	0.06686
1979	0.02406
1980	0.008282
1981	0.1132
1982	0.05695
1983	0.004345
1984	0.04111
1985	0.1621
1986	0.1891
1987	0.1892
1988	0.1643
1989	0.05895
1990	0.06298
1991	0.1324
1992	0.06769
1993	0.03351
1994	0.09655
1995	0.09863
1996	0.2319
1997	0.2555
1998	0.06715
1999	0.1171
2000	0.135
1001	103.1
1002	109.2
1003	112.8
1004	106.0
1005	111.2
1006	103.3
1007	107.3
1008	113.1
1009	108.0
1010	107.5
1011	100.8
1012	111.7
1013	120.3
1014	121.9
1015	125.3
1016	126.8
1017	117.9
1018	124.8
1019	125.3
1020	137.0
1021	124.6
1022	125.0
1023	116.5
1024	120.9
1025	116.4
1026	121.3
1027	113.0
1028	115.9
1029	110.8
1030	107.8
1031	118.2
1032	117.0
1033	118.5
1034	115.8
1035	117.5
1036	125.8
1037	126.1
1038	125.5
1039	133.3
1040	138.1
1041	133.8
1042	123.6
1043	123.8
1044	121.9
1045	119.5
1046	114.2
1047	120.1
1048	112.8
1049	115.9
1050	114.0
1051	114.5
1052	113.8
1053	115.3
1054	105.9
1055	105.0
1056	105.9
1057	107.3
1058	109.0
1059	106.0
1060	113.6
1061	119.0
1062	117.7
1063	118.5
1064	123.4
1065	117.6
1066	123.2
1067	124.7
1068	119.4
1069	119.1
1070	121.8
1071	123.9
1072	127.0
1073	125.3
1074	136.1
1075	124.3
1076	124.6
1077	115.9
1078	119.7
1079	117.6
1080	114.7
1081	117.8
1082	124.7
1083	121.7
1084	114.4
1085	124.7
1086	124.8
1087	120.2
1088	119.4
1089	117.4
1090	114.9
1091	113.6
1092	118.1
1093	120.6
1094	117.1
1095	114.6
1096	116.2
1097	118.9
1098	122.0
1099	120.4
1100	115.9
1101	121.7
1102	119.1
1103	122.6
1104	117.9
1105	114.8
1106	113.2
1107	103.8
1108	110.3
1109	109.0
1110	102.9
1111	97.28
1112	101.4
1113	103.7
1114	101.3
1115	102.8
1116	114.0
1117	102.5
1118	98.2
1119	108.5
1120	95.99
1121	104.3
1122	103.3
1123	103.6
1124	89.83
1125	90.79
1126	105.2
1127	94.86
1128	110.4
1129	104.1
1130	102.7
1131	114.7
1132	111.9
1133	110.4
1134	115.4
1135	115.0
1136	107.8
1137	109.0
1138	112.2
1139	115.5
1140	122.6
1141	113.1
1142	106.7
1143	117.5
1144	119.8
1145	116.1
1146	121.3
1147	113.4
1148	118.8
1149	114.2
1150	112.4
1151	119.2
1152	115.7
1153	119.9
1154	119.2
1155	112.6
1156	114.7
1157	113.8
1158	117.9
1159	113.9
1160	115.0
1161	113.1
1162	115.1
1163	126.0
1164	123.8
1165	120.5
1166	120.6
1167	126.3
1168	120.9
1169	114.6
1170	116.9
1171	120.2
1172	119.7
1173	117.4
1174	119.2
1175	119.9
1176	117.2
1177	120.5
1178	127.4
1179	128.1
1180	119.7
1181	109.5
1182	112.6
1183	109.0
1184	108.8
1185	109.4
1186	107.1
1187	97.2
1188	104.4
1189	100.5
1190	109.9
1191	119.0
1192	107.9
1193	104.0
1194	117.2
1195	115.6
1196	117.7
1197	112.5
1198	115.8
1199	115.3
1200	112.0
1201	120.5
1202	112.4
1203	112.2
1204	115.7
1205	126.6
1206	120.5
1207	118.4
1208	121.3
1209	123.4
1210	116.3
1211	119.9
1212	121.8
1213	118.1
1214	114.0
1215	115.0
1216	115.5
1217	113.4
1218	114.1
1219	108.4
1220	108.7
1221	108.4
1222	118.5
1223	125.7
1224	112.9
1225	113.1
1226	106.5
1227	107.0
1228	105.8
1229	111.5
1230	107.6
1231	106.0
1232	110.3
1233	114.8
1234	122.6
1235	123.2
1236	117.3
1237	114.0
1238	114.1
1239	117.6
1240	119.6
1241	117.7
1242	116.9
1243	117.9
1244	115.8
1245	116.7
1246	110.7
1247	113.1
1248	123.9
1249	114.4
1250	116.6
1251	115.0
1252	118.2
1253	140.9
1254	121.2
1255	122.8
1256	111.9
1257	111.3
1258	109.9
1259	109.4
1260	115.6
1261	110.5
1262	106.4
1263	114.3
1264	118.4
1265	129.9
1266	123.0
1267	122.8
1268	121.4
1269	121.0
1270	125.2
1271	122.6
1272	122.6
1273	114.7
1274	117.9
1275	118.1
1276	116.1
1277	116.6
1278	107.4
1279	117.2
1280	111.5
1281	115.1
1282	119.8
1283	114.1
1284	116.3
1285	117.8
1286	120.9
1287	118.7
1288	106.2
1289	107.9
1290	112.9
1291	108.8
1292	113.5
1293	111.8
1294	111.9
1295	112.8
1296	111.8
1297	109.4
1298	112.7
1299	108.2
1300	105.1
1301	113.1
1302	113.2
1303	121.0
1304	124.7
1305	122.6
1306	124.7
1307	115.5
1308	118.7
1309	117.4
1310	121.4
1311	124.6
1312	121.1
1313	123.3
1314	119.2
1315	118.6
1316	117.8
1317	116.4
1318	116.4
1319	115.6
1320	115.0
1321	116.1
1322	124.2
1323	120.6
1324	121.6
1325	115.3
1326	115.2
1327	120.9
1328	123.2
1329	116.5
1330	117.4
1331	119.1
1332	119.9
1333	116.5
1334	118.0
1335	115.6
1336	117.9
1337	124.5
1338	128.5
1339	130.6
1340	125.6
1341	117.2
1342	114.8
1343	116.3
1344	123.6
1345	115.0
1346	115.1
1347	125.9
1348	122.3
1349	126.8
1350	124.7
1351	115.8
1352	121.0
1353	121.7
1354	126.7
1355	117.0
1356	123.6
1357	120.0
1358	118.6
1359	119.8
1360	127.2
1361	128.4
1362	121.7
1363	113.9
1364	111.4
1365	114.0
1366	112.7
1367	107.4
1368	110.5
1369	113.6
1370	114.7
1371	111.1
1372	116.6
1373	118.0
1374	115.6
1375	116.4
1376	117.3
1377	110.9
1378	108.7
1379	95.88
1380	86.8
1381	84.72
1382	90.95
1383	96.02
1384	92.02
1385	102.3
1386	109.9
1387	103.9
1388	108.6
1389	114.7
1390	110.9
1391	108.3
1392	99.89
1393	97.55
1394	102.5
1395	95.29
1396	90.72
1397	92.98
1398	102.8
1399	114.0
1400	111.3
1401	108.3
1402	107.6
1403	105.0
1404	114.5
1405	113.7
1406	115.1
1407	109.8
1408	120.2
1409	120.8
1410	119.7
1411	121.7
1412	119.5
1413	110.0
1414	111.5
1415	107.4
1416	117.1
1417	104.4
1418	102.9
1419	106.9
1420	103.7
1421	102.6
1422	107.2
1423	113.4
1424	99.83
1425	96.72
1426	114.5
1427	107.2
1428	106.3
1429	98.47
1430	99.18
1431	102.2
1432	106.6
1433	107.6
1434	107.8
1435	108.5
1436	108.0
1437	110.2
1438	108.0
1439	104.1
1440	101.2
1441	107.1
1442	116.5
1443	113.9
1444	107.3
1445	110.8
1446	120.6
1447	119.0
1448	119.6
1449	114.9
1450	111.0
1451	116.4
1452	122.7
1453	122.0
1454	126.9
1455	126.5
1456	121.8
1457	116.3
1458	119.8
1459	121.2
1460	129.7
1461	120.4
1462	119.5
1463	118.0
1464	113.7
1465	104.5
1466	113.1
1467	108.7
1468	117.0
1469	113.2
1470	117.7
1471	118.8
1472	115.4
1473	114.4
1474	114.3
1475	109.4
1476	108.5
1477	104.8
1478	110.7
1479	116.7
1480	114.1
1481	116.2
1482	112.6
1483	117.6
1484	117.2
1485	115.3
1486	107.5
1487	103.7
1488	102.2
1489	91.61
1490	94.58
1491	102.2
1492	101.7
1493	99.56
1494	101.4
1495	99.32
1496	105.8
1497	95.91
1498	98.36
1499	101.6
1500	105.2
1501	118.5
1502	117.3
1503	108.2
1504	102.2
1505	105.3
1506	106.0
1507	101.6
1508	97.48
1509	90.57
1510	91.28
1511	98.5
1512	96.14
1513	89.76
1514	99.95
1515	95.29
1516	100.3
1517	105.0
1518	100.2
1519	94.17
1520	107.2
1521	103.8
1522	112.8
1523	108.8
1524	115.6
1525	109.1
1526	115.0
1527	117.0
1528	120.9
1529	114.2
1530	120.8
1531	118.6
1532	120.3
1533	119.8
1534	116.6
1535	112.5
1536	117.6
1537	120.6
1538	114.3
1539	115.6
1540	119.0
1541	123.3
1542	123.2
1543	121.2
1544	116.3
1545	114.8
1546	119.3
1547	114.0
1548	109.1
1549	118.3
1550	118.1
1551	113.6
1552	116.6
1553	110.8
1554	111.0
1555	118.8
1556	116.4
1557	119.1
1558	124.9
1559	129.5
1560	128.3
1561	119.5
1562	113.0
1563	114.4
1564	114.4
1565	117.0
1566	119.3
1567	119.1
1568	118.6
1569	113.3
1570	126.5
1571	121.2
1572	121.0
1573	110.2
1574	113.8
1575	125.9
1576	125.8
1577	121.8
1578	122.3
1579	127.3
1580	120.1
1581	129.0
1582	122.3
1583	113.2
1584	117.8
1585	118.6
1586	123.8
1587	121.9
1588	117.0
1589	116.6
1590	112.8
1591	117.9
1592	124.8
1593	123.8
1594	127.3
1595	124.6
1596	117.2
1597	116.0
1598	118.0
1599	114.9
1600	119.9
1601	112.6
1602	108.7
1603	105.5
1604	116.6
1605	106.7
1606	107.4
1607	107.0
1608	106.1
1609	102.2
1610	104.8
1611	108.8
1612	112.0
1613	112.6
1614	121.2
1615	109.0
1616	116.0
1617	122.3
1618	128.4
1619	121.9
1620	110.6
1621	118.8
1622	114.7
1623	108.3
1624	113.1
1625	107.7
1626	107.6
1627	105.0
1628	113.8
1629	116.5
1630	113.6
1631	119.7
1632	119.4
1633	118.7
1634	119.4
1635	124.4
1636	124.9
1637	122.1
1638	118.2
1639	114.8
1640	117.7
1641	123.7
1642	119.1
1643	117.8
1644	118.9
1645	122.9
1646	115.6
1647	121.4
1648	124.5
1649	123.9
1650	122.1
1651	126.7
1652	120.5
1653	127.6
1654	119.8
1655	114.4
1656	104.5
1657	110.8
1658	112.2
1659	120.1
1660	115.4
1661	115.0
1662	118.9
1663	116.7
1664	112.7
1665	106.8
1666	109.5
1667	111.3
1668	98.19
1669	105.1
1670	96.46
1671	96.0
1672	104.2
1673	112.0
1674	101.8
1675	103.5
1676	107.5
1677	105.4
1678	120.7
1679	110.2
1680	107.1
1681	102.7
1682	107.4
1683	109.1
1684	96.88
1685	98.55
1686	105.1
1687	117.2
1688	111.8
1689	110.5
1690	109.2
1691	120.4
1692	105.7
1693	113.2
1694	107.0
1695	106.5
1696	106.3
1697	106.1
1698	115.3
1699	107.1
1700	110.7
1701	109.7
1702	112.0
1703	109.4
1704	117.2
1705	114.3
1706	111.6
1707	108.7
1708	102.4
1709	103.5
1710	111.0
1711	105.4
1712	107.1
1713	110.8
1714	103.0
1715	119.9
1716	114.5
1717	111.5
1718	108.1
1719	121.6
1720	121.0
1721	123.9
1722	128.8
1723	120.4
1724	123.5
1725	120.6
1726	124.7
1727	122.3
1728	130.1
1729	130.9
1730	127.2
1731	126.6
1732	124.5
1733	115.2
1734	117.0
1735	114.7
1736	118.5
1737	121.6
1738	116.2
1739	121.3
1740	120.0
1741	124.7
1742	118.7
1743	124.3
1744	117.4
1745	109.0
1746	109.1
1747	106.1
1748	110.0
1749	115.9
1750	110.9
1751	111.9
1752	111.5
1753	108.8
1754	103.7
1755	114.2
1756	111.1
1757	116.3
1758	116.0
1759	108.7
1760	123.7
1761	124.3
1762	127.1
1763	122.1
1764	123.5
1765	121.5
1766	116.7
1767	121.0
1768	118.0
1769	121.5
1770	108.8
1771	108.1
1772	107.5
1773	111.8
1774	91.03
1775	101.0
1776	101.8
1777	112.5
1778	108.4
1779	114.1
1780	114.4
1781	109.6
1782	109.1
1783	117.3
1784	118.9
1785	121.9
1786	117.9
1787	117.2
1788	122.3
1789	120.2
1790	116.8
1791	116.3
1792	120.0
1793	122.3
1794	113.4
1795	110.0
1796	108.7
1797	109.3
1798	107.3
1799	110.2
1800	110.4
1801	112.9
1802	109.7
1803	102.7
1804	101.3
1805	99.77
1806	89.23
1807	99.08
1808	94.25
1809	99.92
1810	104.3
1811	111.1
1812	110.1
1813	110.5
1814	105.0
1815	110.0
1816	107.1
1817	103.9
1818	104.8
1819	107.2
1820	105.5
1821	100.0
1822	92.63
1823	94.57
1824	99.94
1825	92.41
1826	90.78
1827	90.88
1828	91.36
1829	86.42
1830	93.34
1831	98.46
1832	99.87
1833	95.11
1834	97.02
1835	96.99
1836	106.5
1837	104.2
1838	109.1
1839	112.7
1840	123.6
1841	121.7
1842	121.0
1843	120.6
1844	127.5
1845	114.8
1846	119.6
1847	114.6
1848	109.7
1849	119.8
1850	119.0
1851	114.2
1852	117.9
1853	114.8
1854	118.1
1855	117.9
1856	119.2
1857	123.3
1858	119.2
1859	117.2
1860	117.5
1861	118.9
1862	114.4
1863	115.2
1864	116.9
1865	118.0
1866	118.9
1867	114.4
1868	116.7
1869	122.6
1870	121.3
1871	123.9
1872	117.5
1873	130.3
1874	119.0
1875	116.8
1876	113.3
1877	103.7
1878	104.5
1879	97.52
1880	103.0
1881	115.5
1882	109.1
1883	115.2
1884	111.7
1885	108.4
1886	110.7
1887	116.3
1888	111.9
1889	111.3
1890	103.0
1891	106.5
1892	108.7
1893	108.9
1894	107.4
1895	109.6
1896	112.3
1897	106.4
1898	109.4
1899	107.9
1900	103.3
1901	112.9
1902	106.9
1903	108.1
1904	107.1
1905	118.7
1906	113.6
1907	118.8
1908	114.8
1909	110.9
1910	107.0
1911	111.7
1912	114.2
1913	112.4
1914	104.6
1915	115.8
1916	113.6
1917	116.5
1918	119.6
1919	106.2
1920	103.8
1921	101.9
1922	105.8
1923	117.5
1924	104.0
1925	101.4
1926	100.5
1927	101.6
1928	102.8
1929	94.34
1930	93.17
1931	91.49
1932	89.81
1933	89.76
1934	92.63
1935	93.48
1936	102.5
1937	91.24
1938	94.22
1939	88.95
1940	79.82
1941	85.57
1942	91.72
1943	94.76
1944	97.28
1945	91.36
1946	96.54
1947	94.07
1948	105.8
1949	96.89
1950	103.3
1951	121.6
1952	97.85
1953	105.6
1954	101.6
1955	104.5
1956	96.66
1957	99.76
1958	101.9
1959	98.12
1960	94.47
1961	97.36
1962	107.9
1963	113.2
1964	108.2
1965	113.1
1966	121.1
1967	105.4
1968	100.4
1969	99.37
1970	97.29
1971	110.0
1972	99.57
1973	107.2
1974	112.2
1975	109.9
1976	111.4
1977	112.2
1978	104.8
1979	112.1
1980	113.5
1981	113.8
1982	111.4
1983	113.0
1984	117.4
1985	112.1
1986	113.4
1987	110.4
1988	115.9
1989	104.8
1990	99.45
1991	101.4
1992	95.44
1993	96.09
1994	99.69
1995	101.8
1996	126.5
1997	121.2
1998	113.5
1999	111.1
2000	111.7
1001	0.01145
1002	0.002461
1003	0.002919
1004	0.006935
1005	0.004292
1006	0.004376
1007	0.005206
1008	0.003641
1009	0.006778
1010	0.008939
1011	0.01046
1012	0.008225
1013	0.003819
1014	0.004923
1015	7.817E-4
1016	6.52E-4
1017	0.002849
1018	0.002583
1019	0.001553
1020	0.001275
1021	0.00169
1022	0.001115
1023	0.00328
1024	0.00218
1025	0.003092
1026	0.002477
1027	0.002663
1028	0.00266
1029	0.003721
1030	0.003462
1031	0.002982
1032	0.002923
1033	0.001783
1034	0.001966
1035	0.002017
1036	0.001734
1037	0.002291
1038	0.003145
1039	0.001235
1040	0.001773
1041	0.00146
1042	0.001768
1043	0.001244
1044	0.001571
1045	0.001531
1046	0.002273
1047	0.002435
1048	0.003949
1049	0.00313
1050	0.002872
1051	0.003569
1052	0.005547
1053	0.003478
1054	0.003895
1055	0.003268
1056	0.003293
1057	0.004743
1058	0.004538
1059	0.006321
1060	0.004704
1061	0.004605
1062	0.005654
1063	0.002809
1064	0.003235
1065	0.003175
1066	0.001418
1067	0.003419
1068	0.001752
1069	0.00146
1070	0.00158
1071	0.001316
1072	0.002167
1073	9.044E-4
1074	7.87E-4
1075	0.001025
1076	0.001061
1077	0.00391
1078	0.001628
1079	0.001388
1080	0.001997
1081	0.00346
1082	0.003466
1083	0.002375
1084	0.002437
1085	0.0031
1086	0.001162
1087	0.001417
1088	0.001583
1089	0.001628
1090	0.003081
1091	0.00347
1092	0.002754
1093	0.003138
1094	0.003764
1095	0.002297
1096	0.003949
1097	0.004284
1098	0.001612
1099	0.002395
1100	0.002391
1101	0.002022
1102	0.001777
1103	0.002317
1104	0.003043
1105	0.002029
1106	0.002015
1107	0.006084
1108	0.002475
1109	0.008224
1110	0.008046
1111	0.01197
1112	0.007272
1113	0.008802
1114	0.01025
1115	0.01238
1116	0.02536
1117	0.02513
1118	0.02097
1119	0.004351
1120	0.008961
1121	0.009778
1122	0.01078
1123	0.01266
1124	0.00794
1125	0.01064
1126	0.008202
1127	0.01432
1128	0.004875
1129	0.01138
1130	0.009736
1131	0.008057
1132	0.003351
1133	0.005302
1134	0.002933
1135	0.004812
1136	0.002963
1137	0.002679
1138	0.004331
1139	0.003713
1140	0.001407
1141	0.003268
1142	0.002973
1143	0.00157
1144	0.003664
1145	0.004983
1146	0.002216
1147	0.003547
1148	0.00181
1149	0.00433
1150	0.004732
1151	0.001845
1152	0.004996
1153	0.004916
1154	0.003514
1155	0.002954
1156	0.003197
1157	0.003757
1158	0.001817
1159	0.003233
1160	0.00261
1161	0.004931
1162	0.003541
1163	0.002358
1164	0.002425
1165	0.001821
1166	0.001018
1167	8.11E-4
1168	0.004322
1169	0.002687
1170	0.003303
1171	0.002316
1172	0.00213
1173	0.002544
1174	0.005854
1175	0.00531
1176	0.004903
1177	0.002252
1178	0.00185
1179	0.001042
1180	0.001353
1181	0.002195
1182	0.002569
1183	0.007129
1184	0.002826
1185	0.003781
1186	0.003223
1187	0.01062
1188	0.007142
1189	0.01143
1190	0.01747
1191	0.008765
1192	0.006953
1193	0.006395
1194	0.008316
1195	0.007243
1196	0.007741
1197	0.009963
1198	0.005823
1199	0.006218
1200	0.002384
1201	0.004949
1202	0.003163
1203	0.003959
1204	0.003137
1205	0.001091
1206	0.001545
1207	0.002771
1208	0.003465
1209	0.001664
1210	0.001562
1211	0.001409
1212	0.001735
1213	0.002116
1214	0.00369
1215	0.003711
1216	0.00417
1217	0.003091
1218	0.004117
1219	0.008672
1220	0.003859
1221	0.004429
1222	0.003288
1223	9.923E-4
1224	0.00333
1225	0.003503
1226	0.004459
1227	0.004482
1228	0.007319
1229	0.008076
1230	0.005139
1231	0.009784
1232	0.004355
1233	0.003867
1234	0.00173
1235	0.004365
1236	0.003022
1237	0.004878
1238	0.003216
1239	0.004753
1240	0.01015
1241	0.003141
1242	0.003608
1243	0.003089
1244	0.002874
1245	0.004393
1246	0.004201
1247	0.003665
1248	0.003324
1249	0.004227
1250	0.003265
1251	0.002923
1252	0.002823
1253	4.37E-4
1254	0.003573
1255	0.003008
1256	0.003119
1257	0.003061
1258	0.003785
1259	0.003831
1260	0.005975
1261	0.01257
1262	0.008269
1263	0.004097
1264	0.002667
1265	0.002858
1266	0.001616
1267	0.001732
1268	0.001814
1269	0.001159
1270	0.001565
1271	0.003505
1272	0.003658
1273	0.003674
1274	0.004351
1275	0.00422
1276	0.004357
1277	0.003019
1278	0.00591
1279	0.004075
1280	0.004966
1281	0.002914
1282	0.002578
1283	0.003206
1284	0.002733
1285	0.002517
1286	0.002168
1287	0.001348
1288	0.004958
1289	0.005562
1290	0.003232
1291	0.00342
1292	0.00404
1293	0.002977
1294	0.005959
1295	0.002934
1296	0.006761
1297	0.00383
1298	0.003427
1299	0.01297
1300	0.004422
1301	0.004754
1302	0.003111
1303	0.001587
1304	9.522E-4
1305	0.002009
1306	0.001161
1307	0.002577
1308	0.002388
1309	0.004214
1310	0.003844
1311	0.00374
1312	0.004552
1313	0.003589
1314	0.004784
1315	0.004033
1316	0.002247
1317	0.002583
1318	0.002362
1319	0.002547
1320	0.002025
1321	0.004095
1322	0.004183
1323	0.003689
1324	0.001372
1325	0.001965
1326	0.002871
1327	0.003532
1328	0.001608
1329	0.002833
1330	0.002258
1331	0.001207
1332	0.001223
1333	0.003039
1334	0.005439
1335	0.00351
1336	0.002026
1337	9.448E-4
1338	0.001619
1339	5.578E-4
1340	0.002535
1341	0.002519
1342	0.003476
1343	0.001578
1344	0.00207
1345	0.006853
1346	0.003777
1347	0.002457
1348	0.003765
1349	0.001161
1350	0.002137
1351	0.002278
1352	0.002557
1353	0.001773
1354	0.002109
1355	0.001943
1356	0.00138
1357	0.002719
1358	0.003344
1359	0.002345
1360	0.002841
1361	0.001826
1362	0.002909
1363	0.00419
1364	0.0039
1365	0.002832
1366	0.003767
1367	0.006136
1368	0.00238
1369	0.006083
1370	0.006009
1371	0.003998
1372	0.002437
1373	0.004321
1374	0.001426
1375	0.004068
1376	0.003044
1377	0.00662
1378	0.007128
1379	0.006426
1380	0.01271
1381	0.01861
1382	0.05009
1383	0.05068
1384	0.04945
1385	0.05422
1386	0.0262
1387	0.01009
1388	0.003754
1389	0.001476
1390	0.003152
1391	0.002597
1392	0.009625
1393	0.01521
1394	0.01058
1395	0.01872
1396	0.01665
1397	0.0209
1398	0.007524
1399	0.00799
1400	0.002808
1401	0.005893
1402	0.003841
1403	0.005795
1404	0.00663
1405	0.002943
1406	0.001766
1407	0.003596
1408	0.002233
1409	0.001436
1410	0.00205
1411	0.001296
1412	0.004946
1413	0.00333
1414	0.003395
1415	0.002456
1416	0.006342
1417	0.01475
1418	0.01036
1419	0.01071
1420	0.0095
1421	0.01243
1422	0.01449
1423	0.009797
1424	0.01041
1425	0.0166
1426	0.0128
1427	0.006161
1428	0.004818
1429	0.007162
1430	0.008899
1431	0.01255
1432	0.007965
1433	0.004656
1434	0.004727
1435	0.005131
1436	0.007732
1437	0.01207
1438	0.0102
1439	0.009977
1440	0.008745
1441	0.00652
1442	0.009057
1443	0.003808
1444	0.005769
1445	0.003472
1446	0.002535
1447	0.006817
1448	0.007399
1449	0.002734
1450	0.003273
1451	0.002064
1452	0.002014
1453	0.001636
1454	0.001569
1455	0.001489
1456	0.003051
1457	0.001683
1458	0.003205
1459	0.003877
1460	0.003615
1461	0.006094
1462	0.002986
1463	0.002757
1464	0.005676
1465	0.006502
1466	0.006201
1467	0.00641
1468	0.004996
1469	0.003931
1470	0.004478
1471	0.004734
1472	0.003664
1473	0.005174
1474	0.004678
1475	0.005739
1476	0.004867
1477	0.004782
1478	0.00438
1479	0.00489
1480	0.003328
1481	0.00182
1482	0.002608
1483	0.002085
1484	0.003372
1485	0.004063
1486	0.005437
1487	0.004933
1488	0.006282
1489	0.009668
1490	0.0164
1491	0.007525
1492	0.01711
1493	0.007648
1494	0.008387
1495	0.006198
1496	0.006365
1497	0.007833
1498	0.008234
1499	0.0108
1500	0.02079
1501	0.01414
1502	0.01385
1503	0.007677
1504	0.008807
1505	0.01029
1506	0.006489
1507	0.01468
1508	0.01296
1509	0.01444
1510	0.01394
1511	0.01752
1512	0.0139
1513	0.01793
1514	0.01859
1515	0.02061
1516	0.006774
1517	0.005429
1518	0.007243
1519	0.01753
1520	0.007176
1521	0.005492
1522	0.00366
1523	0.01015
1524	0.01002
1525	0.003803
1526	0.004457
1527	0.003194
1528	0.005869
1529	0.002827
1530	0.00352
1531	0.003206
1532	0.002335
1533	0.004098
1534	0.00323
1535	0.004108
1536	0.002255
1537	0.001198
1538	0.003688
1539	0.003533
1540	0.002665
1541	0.001158
1542	0.00113
1543	0.003431
1544	0.003368
1545	0.001763
1546	0.003375
1547	0.003996
1548	0.004998
1549	0.002976
1550	0.002939
1551	0.002309
1552	0.003083
1553	0.003268
1554	0.004496
1555	0.003888
1556	0.0032
1557	0.004027
1558	0.002813
1559	0.002862
1560	0.003739
1561	0.002241
1562	0.003008
1563	0.003584
1564	0.002819
1565	0.002411
1566	0.00173
1567	0.001487
1568	0.003075
1569	0.003231
1570	0.002404
1571	0.002287
1572	0.002161
1573	0.002682
1574	0.001913
1575	0.002108
1576	0.002116
1577	0.003029
1578	0.001204
1579	9.778E-4
1580	0.001414
1581	9.762E-4
1582	0.002768
1583	0.002465
1584	0.001918
1585	0.002618
1586	0.002028
1587	0.003174
1588	0.003524
1589	0.001698
1590	0.003261
1591	0.002936
1592	0.001983
1593	0.00192
1594	0.001075
1595	0.004742
1596	0.002903
1597	0.002689
1598	0.002071
1599	0.001764
1600	0.002253
1601	0.004221
1602	0.004514
1603	0.003433
1604	0.002482
1605	0.002742
1606	0.005332
1607	0.004642
1608	0.005957
1609	0.007699
1610	0.0074
1611	0.007549
1612	0.01315
1613	0.006751
1614	0.003681
1615	0.003526
1616	0.003164
1617	0.002802
1618	0.003501
1619	0.001421
1620	0.003856
1621	0.00416
1622	0.002853
1623	0.00445
1624	0.002836
1625	0.005414
1626	0.00625
1627	0.008695
1628	0.005793
1629	0.00436
1630	0.004094
1631	0.003736
1632	0.003775
1633	0.001906
1634	0.00368
1635	0.004447
1636	0.003528
1637	0.001397
1638	0.001847
1639	0.002445
1640	0.003038
1641	0.001785
1642	0.002591
1643	0.002704
1644	0.002632
1645	0.002034
1646	0.001807
1647	0.001877
1648	0.001826
1649	0.002002
1650	0.001317
1651	0.004163
1652	0.003985
1653	0.003607
1654	0.002838
1655	0.002759
1656	0.004659
1657	0.002093
1658	0.005796
1659	0.005628
1660	0.005114
1661	0.005138
1662	0.005145
1663	0.006556
1664	0.003605
1665	0.003569
1666	0.003107
1667	0.00894
1668	0.009928
1669	0.002583
1670	0.007993
1671	0.007191
1672	0.005097
1673	0.003672
1674	0.004661
1675	0.003913
1676	0.004915
1677	0.007831
1678	0.01311
1679	0.008736
1680	0.009112
1681	0.005381
1682	0.003906
1683	0.01397
1684	0.01602
1685	0.008335
1686	0.003973
1687	0.006081
1688	0.007692
1689	0.008437
1690	0.006935
1691	0.007408
1692	0.003763
1693	0.008386
1694	0.01016
1695	0.005533
1696	0.002406
1697	0.005946
1698	0.003678
1699	0.01166
1700	0.006482
1701	0.007565
1702	0.002041
1703	0.004093
1704	0.004582
1705	0.003218
1706	0.003748
1707	0.002665
1708	0.003306
1709	0.003215
1710	0.002538
1711	0.005634
1712	0.007835
1713	0.006395
1714	0.005357
1715	0.002399
1716	0.002591
1717	0.002644
1718	0.003336
1719	0.003183
1720	0.00247
1721	0.002954
1722	0.002093
1723	0.001769
1724	0.001574
1725	0.001483
1726	0.001131
1727	0.001113
1728	8.36E-4
1729	7.348E-4
1730	9.888E-4
1731	0.001922
1732	9.556E-4
1733	0.002741
1734	0.00308
1735	0.002976
1736	0.002533
1737	0.002725
1738	0.002647
1739	0.001403
1740	0.003125
1741	0.001696
1742	0.002714
1743	0.002052
1744	0.003245
1745	0.005488
1746	0.004133
1747	0.003069
1748	0.005619
1749	0.002937
1750	0.003869
1751	0.002754
1752	0.00645
1753	0.004554
1754	0.005405
1755	0.006492
1756	0.003294
1757	0.002426
1758	0.002658
1759	0.003332
1760	0.002248
1761	0.003418
1762	0.002706
1763	0.001441
1764	0.003282
1765	8.826E-4
1766	0.002326
1767	0.001882
1768	0.001538
1769	0.001442
1770	0.006268
1771	0.008934
1772	0.002816
1773	0.003997
1774	0.01865
1775	0.01459
1776	0.01123
1777	0.005219
1778	0.005429
1779	0.006693
1780	0.008323
1781	0.004714
1782	0.005964
1783	0.003677
1784	0.003732
1785	0.002955
1786	0.002412
1787	0.001339
1788	0.004455
1789	0.0027
1790	0.00202
1791	0.003152
1792	0.001666
1793	0.004374
1794	0.003574
1795	0.003641
1796	0.004913
1797	0.003652
1798	0.007768
1799	0.007047
1800	0.008207
1801	0.004275
1802	0.003737
1803	0.003366
1804	0.005362
1805	0.005394
1806	0.01363
1807	0.01739
1808	0.01093
1809	0.006898
1810	0.008269
1811	0.008374
1812	0.009707
1813	0.008913
1814	0.01484
1815	0.009736
1816	0.007361
1817	0.008401
1818	0.004194
1819	0.004465
1820	0.003426
1821	0.009176
1822	0.008696
1823	0.006188
1824	0.006366
1825	0.0111
1826	0.00833
1827	0.0103
1828	0.01309
1829	0.01765
1830	0.01839
1831	0.01861
1832	0.01829
1833	0.0193
1834	0.01988
1835	0.01007
1836	0.006646
1837	0.006924
1838	0.006909
1839	0.003334
1840	0.00249
1841	0.002348
1842	0.002346
1843	0.001392
1844	0.001306
1845	0.002325
1846	0.006156
1847	0.004377
1848	0.003968
1849	0.003715
1850	0.00424
1851	0.004107
1852	0.0017
1853	0.004486
1854	0.002883
1855	0.001934
1856	0.00313
1857	0.00398
1858	0.002665
1859	0.002199
1860	0.002331
1861	0.003847
1862	0.00294
1863	0.003088
1864	0.004345
1865	0.002307
1866	0.002598
1867	0.002655
1868	0.002541
1869	0.002237
1870	0.005163
1871	0.005378
1872	0.005241
1873	0.005595
1874	0.004237
1875	0.003037
1876	0.005636
1877	0.004904
1878	0.01199
1879	0.007794
1880	0.007623
1881	0.008844
1882	0.006807
1883	0.005262
1884	0.004239
1885	0.00513
1886	0.006031
1887	0.006944
1888	0.00689
1889	0.005994
1890	0.006943
1891	0.005903
1892	0.007036
1893	0.009113
1894	0.005042
1895	0.009441
1896	0.007378
1897	0.008013
1898	0.007164
1899	0.007275
1900	0.004164
1901	0.002117
1902	0.003862
1903	0.007602
1904	0.007369
1905	0.006033
1906	0.005399
1907	0.004539
1908	0.004219
1909	0.004068
1910	0.004962
1911	0.006477
1912	0.006655
1913	0.006843
1914	0.0039
1915	0.005746
1916	0.004424
1917	0.002048
1918	0.007348
1919	0.007582
1920	0.0081
1921	0.01032
1922	0.01067
1923	0.01727
1924	0.008785
1925	0.006542
1926	0.008488
1927	0.006051
1928	0.005032
1929	0.007642
1930	0.008654
1931	0.0134
1932	0.03581
1933	0.01908
1934	0.01417
1935	0.0116
1936	0.006254
1937	0.009708
1938	0.01136
1939	0.01037
1940	0.03811
1941	0.02898
1942	0.02717
1943	0.03342
1944	0.01729
1945	0.02352
1946	0.01189
1947	0.0152
1948	0.01218
1949	0.01103
1950	0.0109
1951	0.01248
1952	0.008718
1953	0.004193
1954	0.004514
1955	0.019
1956	0.01127
1957	0.01215
1958	0.01419
1959	0.01478
1960	0.01363
1961	0.01254
1962	0.01243
1963	0.006857
1964	0.00665
1965	0.005094
1966	0.006923
1967	0.006998
1968	0.008445
1969	0.01091
1970	0.007248
1971	0.02365
1972	0.00874
1973	0.007324
1974	0.004565
1975	0.004497
1976	0.004783
1977	0.002433
1978	0.00689
1979	0.004831
1980	0.004999
1981	0.00306
1982	0.003587
1983	0.006588
1984	0.002274
1985	0.005095
1986	0.00382
1987	0.003037
1988	0.002486
1989	0.007801
1990	0.007978
1991	0.006347
1992	0.009653
1993	0.01533
1994	0.01165
1995	0.006332
1996	0.002419
1997	0.00305
1998	0.005168
1999	0.005953
2000	0.003463
1001	0.9925
1002	0.9353
1003	0.8776
1004	0.871
1005	0.9063
1006	0.8631
1007	0.8795
1008	0.8375
1009	0.8129
1010	0.8764
1011	0.8697
1012	0.8936
1013	0.9348
1014	0.9956
1015	0.9765
1016	0.9819
1017	0.9437
1018	0.9899
1019	0.9921
1020	0.9412
1021	0.9579
1022	0.9939
1023	0.9815
1024	0.9938
1025	0.9938
1026	0.9223
1027	0.9025
1028	0.9003
1029	0.8442
1030	0.6623
1031	0.6493
1032	0.6915
1033	0.7863
1034	0.8558
1035	0.8313
1036	0.8809
1037	0.8623
1038	0.829
1039	0.8717
1040	0.9266
1041	0.9734
1042	0.9614
1043	0.9635
1044	0.964
1045	0.9569
1046	0.9506
1047	0.8843
1048	0.8507
1049	0.8402
1050	0.7696
1051	0.8398
1052	0.8352
1053	0.5958
1054	0.635
1055	0.6706
1056	0.6905
1057	0.6912
1058	0.6611
1059	0.7342
1060	0.7105
1061	0.7443
1062	0.8213
1063	0.9429
1064	0.9497
1065	0.9414
1066	0.9566
1067	0.9629
1068	0.9867
1069	0.9736
1070	0.9747
1071	0.9876
1072	0.9663
1073	0.9987
1074	0.9848
1075	0.9371
1076	0.8946
1077	0.9151
1078	0.9459
1079	0.9181
1080	0.7373
1081	0.823
1082	0.813
1083	0.9259
1084	0.9226
1085	0.9436
1086	0.9594
1087	0.9316
1088	0.9451
1089	0.887
1090	0.8677
1091	0.8541
1092	0.8788
1093	0.8241
1094	0.8347
1095	0.6392
1096	0.665
1097	0.7058
1098	0.6934
1099	0.7501
1100	0.7011
1101	0.7269
1102	0.7278
1103	0.8075
1104	0.7716
1105	0.7639
1106	0.6953
1107	0.6061
1108	0.5706
1109	0.6544
1110	0.6627
1111	0.6746
1112	0.6394
1113	0.8388
1114	0.7414
1115	0.781
1116	0.8172
1117	0.8216
1118	0.897
1119	0.9401
1120	0.9429
1121	0.8925
1122	0.9251
1123	0.8906
1124	0.8111
1125	0.8024
1126	0.7934
1127	0.8202
1128	0.7134
1129	0.7397
1130	0.7886
1131	0.6293
1132	0.6689
1133	0.6678
1134	0.6698
1135	0.7074
1136	0.6789
1137	0.6161
1138	0.6379
1139	0.5753
1140	0.5809
1141	0.6992
1142	0.617
1143	0.7427
1144	0.7134
1145	0.6669
1146	0.7083
1147	0.7278
1148	0.7405
1149	0.7404
1150	0.7342
1151	0.7558
1152	0.7106
1153	0.776
1154	0.7943
1155	0.5999
1156	0.4772
1157	0.6358
1158	0.826
1159	0.8086
1160	0.7746
1161	0.7359
1162	0.8014
1163	0.8434
1164	0.895
1165	0.9267
1166	0.8472
1167	0.9039
1168	0.8404
1169	0.8419
1170	0.6991
1171	0.7343
1172	0.7901
1173	0.8693
1174	0.9059
1175	0.9544
1176	0.9368
1177	0.9669
1178	0.9871
1179	0.9868
1180	0.9404
1181	0.979
1182	0.96
1183	0.9491
1184	0.9986
1185	0.9794
1186	0.9771
1187	0.9869
1188	0.9859
1189	0.9768
1190	0.8782
1191	0.9009
1192	0.8009
1193	0.8122
1194	0.8633
1195	0.8965
1196	0.85
1197	0.7774
1198	0.7487
1199	0.7112
1200	0.6603
1201	0.7252
1202	0.7082
1203	0.7042
1204	0.686
1205	0.7509
1206	0.6617
1207	0.7136
1208	0.8283
1209	0.843
1210	0.8292
1211	0.8959
1212	0.9007
1213	0.943
1214	0.8535
1215	0.7725
1216	0.8106
1217	0.7927
1218	0.6867
1219	0.5619
1220	0.5926
1221	0.674
1222	0.734
1223	0.7066
1224	0.7589
1225	0.6972
1226	0.686
1227	0.8335
1228	0.8744
1229	0.8493
1230	0.8935
1231	0.9222
1232	0.8645
1233	0.8407
1234	0.8157
1235	0.887
1236	0.9636
1237	0.8431
1238	0.821
1239	0.7845
1240	0.7718
1241	0.7435
1242	0.7474
1243	0.6514
1244	0.7627
1245	0.8037
1246	0.7392
1247	0.6985
1248	0.8194
1249	0.8323
1250	0.8477
1251	0.8195
1252	0.8369
1253	0.8867
1254	0.8948
1255	0.8809
1256	0.9352
1257	0.9026
1258	0.8392
1259	0.7951
1260	0.7615
1261	0.8275
1262	0.8338
1263	0.9057
1264	0.9291
1265	0.9633
1266	0.9525
1267	0.9061
1268	0.9751
1269	0.9628
1270	0.9142
1271	0.7742
1272	0.6832
1273	0.6532
1274	0.7053
1275	0.7032
1276	0.6249
1277	0.5612
1278	0.4894
1279	0.5813
1280	0.5798
1281	0.5482
1282	0.594
1283	0.6564
1284	0.7826
1285	0.6223
1286	0.6835
1287	0.6521
1288	0.5261
1289	0.5444
1290	0.6174
1291	0.4845
1292	0.5152
1293	0.5082
1294	0.4716
1295	0.4261
1296	0.4352
1297	0.5407
1298	0.4716
1299	0.5334
1300	0.7525
1301	0.7276
1302	0.7577
1303	0.774
1304	0.8026
1305	0.9434
1306	0.9829
1307	0.996
1308	0.9765
1309	0.9891
1310	0.9506
1311	0.9141
1312	0.8565
1313	0.8665
1314	0.8227
1315	0.7469
1316	0.7662
1317	0.7245
1318	0.758
1319	0.8455
1320	0.8719
1321	0.7491
1322	0.7419
1323	0.7301
1324	0.761
1325	0.7999
1326	0.8345
1327	0.877
1328	0.858
1329	0.794
1330	0.7106
1331	0.7893
1332	0.7247
1333	0.7493
1334	0.7405
1335	0.7948
1336	0.824
1337	0.9672
1338	0.9816
1339	0.8577
1340	0.8964
1341	0.9364
1342	0.8642
1343	0.8151
1344	0.8747
1345	0.8059
1346	0.8245
1347	0.7958
1348	0.7999
1349	0.8397
1350	0.8702
1351	0.8175
1352	0.816
1353	0.5844
1354	0.6637
1355	0.6847
1356	0.6082
1357	0.6552
1358	0.6635
1359	0.7325
1360	0.8399
1361	0.7967
1362	0.6627
1363	0.6111
1364	0.6352
1365	0.5678
1366	0.5305
1367	0.5694
1368	0.5895
1369	0.6037
1370	0.6408
1371	0.6332
1372	0.5599
1373	0.647
1374	0.6569
1375	0.6319
1376	0.5303
1377	0.5581
1378	0.5464
1379	0.4326
1380	0.5297
1381	0.5513
1382	0.6507
1383	0.6516
1384	0.7054
1385	0.6769
1386	0.7191
1387	0.7441
1388	0.6539
1389	0.5981
1390	0.6224
1391	0.4188
1392	0.4015
1393	0.3985
1394	0.3066
1395	0.2897
1396	0.2764
1397	0.2818
1398	0.3003
1399	0.4403
1400	0.4688
1401	0.6057
1402	0.7042
1403	0.7465
1404	0.6296
1405	0.7088
1406	0.6272
1407	0.7328
1408	0.7485
1409	0.8248
1410	0.6261
1411	0.8292
1412	0.8288
1413	0.8428
1414	0.8775
1415	0.9116
1416	0.8302
1417	0.8673
1418	0.8313
1419	0.8225
1420	0.7842
1421	0.7777
1422	0.7069
1423	0.7144
1424	0.6948
1425	0.7516
1426	0.8455
1427	0.9191
1428	0.9446
1429	0.8987
1430	0.8776
1431	0.9254
1432	0.9006
1433	0.9231
1434	0.8703
1435	0.9282
1436	0.9635
1437	0.9284
1438	0.932
1439	0.9174
1440	0.9302
1441	0.8957
1442	0.9483
1443	0.8988
1444	0.8397
1445	0.8167
1446	0.9172
1447	0.8724
1448	0.8059
1449	0.7529
1450	0.8124
1451	0.7764
1452	0.8477
1453	0.9309
1454	0.9143
1455	0.9468
1456	0.9779
1457	0.9964
1458	0.994
1459	0.9625
1460	0.9522
1461	0.9849
1462	0.9785
1463	0.9605
1464	0.9684
1465	0.9055
1466	0.8009
1467	0.8253
1468	0.8123
1469	0.7004
1470	0.718
1471	0.6969
1472	0.6949
1473	0.6955
1474	0.606
1475	0.6465
1476	0.712
1477	0.7905
1478	0.7669
1479	0.7563
1480	0.8632
1481	0.828
1482	0.8481
1483	0.922
1484	0.9076
1485	0.9272
1486	0.8922
1487	0.9182
1488	0.9068
1489	0.9233
1490	0.9947
1491	0.984
1492	0.9959
1493	0.9987
1494	0.9858
1495	0.9767
1496	0.972
1497	0.9756
1498	0.9919
1499	0.9553
1500	0.9239
1501	0.9053
1502	0.9629
1503	0.9717
1504	0.9507
1505	0.9224
1506	0.9921
1507	0.955
1508	0.8888
1509	0.8882
1510	0.9261
1511	0.9484
1512	0.9591
1513	0.9248
1514	0.9228
1515	0.9352
1516	0.9362
1517	0.9532
1518	0.8678
1519	0.7946
1520	0.7718
1521	0.7763
1522	0.7801
1523	0.8258
1524	0.8496
1525	0.9079
1526	0.8588
1527	0.884
1528	0.8385
1529	0.9618
1530	0.9561
1531	0.8599
1532	0.8891
1533	0.9327
1534	0.9481
1535	0.9606
1536	0.9529
1537	0.8898
1538	0.8343
1539	0.8144
1540	0.8944
1541	0.8747
1542	0.9181
1543	0.9514
1544	0.9222
1545	0.9181
1546	0.9672
1547	0.9197
1548	0.9222
1549	0.9258
1550	0.8424
1551	0.7846
1552	0.8252
1553	0.7124
1554	0.724
1555	0.7639
1556	0.7156
1557	0.7002
1558	0.716
1559	0.7546
1560	0.756
1561	0.6865
1562	0.6254
1563	0.6027
1564	0.733
1565	0.8343
1566	0.8873
1567	0.8403
1568	0.8349
1569	0.9188
1570	0.9457
1571	0.9704
1572	0.9284
1573	0.9114
1574	0.868
1575	0.918
1576	0.9611
1577	0.9526
1578	0.9176
1579	0.9799
1580	0.9926
1581	0.9044
1582	0.6858
1583	0.7048
1584	0.7754
1585	0.7999
1586	0.7761
1587	0.8935
1588	0.8102
1589	0.7955
1590	0.8377
1591	0.7749
1592	0.8279
1593	0.797
1594	0.8004
1595	0.9026
1596	0.9698
1597	0.9559
1598	0.8737
1599	0.8797
1600	0.9347
1601	0.9487
1602	0.919
1603	0.8815
1604	0.9487
1605	0.958
1606	0.9483
1607	0.8884
1608	0.8303
1609	0.9328
1610	0.9255
1611	0.8388
1612	0.8751
1613	0.8416
1614	0.808
1615	0.8509
1616	0.8178
1617	0.8884
1618	0.9188
1619	0.8962
1620	0.8603
1621	0.8457
1622	0.8136
1623	0.6835
1624	0.742
1625	0.7872
1626	0.6402
1627	0.6285
1628	0.7543
1629	0.7355
1630	0.6748
1631	0.6863
1632	0.7962
1633	0.8342
1634	0.8004
1635	0.8053
1636	0.6839
1637	0.8533
1638	0.826
1639	0.8621
1640	0.8651
1641	0.8983
1642	0.8888
1643	0.8042
1644	0.8205
1645	0.8883
1646	0.94
1647	0.8892
1648	0.944
1649	0.9258
1650	0.9505
1651	0.9639
1652	0.9246
1653	0.853
1654	0.7402
1655	0.7764
1656	0.6255
1657	0.6191
1658	0.7103
1659	0.7746
1660	0.7923
1661	0.7843
1662	0.6687
1663	0.7015
1664	0.7404
1665	0.5912
1666	0.5643
1667	0.5432
1668	0.3906
1669	0.3404
1670	0.2933
1671	0.3722
1672	0.4862
1673	0.4569
1674	0.4594
1675	0.4139
1676	0.2283
1677	0.3705
1678	0.5112
1679	0.4996
1680	0.3896
1681	0.3647
1682	0.4237
1683	0.4489
1684	0.525
1685	0.5981
1686	0.5302
1687	0.5476
1688	0.5215
1689	0.6808
1690	0.5842
1691	0.3913
1692	0.48
1693	0.4456
1694	0.4394
1695	0.4386
1696	0.4537
1697	0.5326
1698	0.5144
1699	0.5072
1700	0.3811
1701	0.366
1702	0.3634
1703	0.3715
1704	0.3962
1705	0.4616
1706	0.4109
1707	0.3337
1708	0.362
1709	0.2829
1710	0.2614
1711	0.384
1712	0.3584
1713	0.3846
1714	0.4594
1715	0.448
1716	0.5322
1717	0.5876
1718	0.6654
1719	0.6613
1720	0.7323
1721	0.7949
1722	0.9236
1723	0.9683
1724	0.9757
1725	0.9901
1726	0.976
1727	0.9534
1728	0.9837
1729	0.9707
1730	0.9425
1731	0.9938
1732	0.9986
1733	0.9637
1734	0.9328
1735	0.967
1736	0.9103
1737	0.9105
1738	0.8606
1739	0.8434
1740	0.7645
1741	0.7365
1742	0.6636
1743	0.7153
1744	0.6964
1745	0.6861
1746	0.6989
1747	0.4233
1748	0.6123
1749	0.6826
1750	0.6034
1751	0.5663
1752	0.5695
1753	0.5687
1754	0.4987
1755	0.5214
1756	0.6254
1757	0.6539
1758	0.712
1759	0.7952
1760	0.782
1761	0.8976
1762	0.8913
1763	0.9056
1764	0.9382
1765	0.9429
1766	0.9334
1767	0.8832
1768	0.8923
1769	0.8873
1770	0.9262
1771	0.9397
1772	0.9707
1773	0.9669
1774	0.9887
1775	0.9877
1776	0.9949
1777	0.9759
1778	0.9953
1779	0.9832
1780	0.9651
1781	0.9967
1782	0.9905
1783	0.9953
1784	0.9643
1785	0.9712
1786	0.9747
1787	0.8887
1788	0.889
1789	0.8352
1790	0.7861
1791	0.7139
1792	0.6738
1793	0.7653
1794	0.7895
1795	0.7474
1796	0.628
1797	0.5588
1798	0.6316
1799	0.6284
1800	0.5301
1801	0.5675
1802	0.5437
1803	0.4302
1804	0.4103
1805	0.3361
1806	0.3127
1807	0.3761
1808	0.5072
1809	0.3642
1810	0.4042
1811	0.4399
1812	0.497
1813	0.4977
1814	0.5408
1815	0.404
1816	0.53
1817	0.5698
1818	0.5508
1819	0.4348
1820	0.5031
1821	0.5795
1822	0.6343
1823	0.665
1824	0.7203
1825	0.6381
1826	0.6666
1827	0.7682
1828	0.7638
1829	0.7332
1830	0.7461
1831	0.6746
1832	0.7452
1833	0.6696
1834	0.6664
1835	0.6567
1836	0.7009
1837	0.5374
1838	0.6045
1839	0.5383
1840	0.7177
1841	0.7257
1842	0.7665
1843	0.8095
1844	0.7518
1845	0.813
1846	0.8948
1847	0.9348
1848	0.9697
1849	0.9134
1850	0.9082
1851	0.9195
1852	0.8557
1853	0.8884
1854	0.8893
1855	0.8147
1856	0.7929
1857	0.8757
1858	0.8863
1859	0.9211
1860	0.9007
1861	0.8564
1862	0.7758
1863	0.7129
1864	0.7313
1865	0.8155
1866	0.7818
1867	0.7657
1868	0.8524
1869	0.8814
1870	0.9555
1871	0.9373
1872	0.9668
1873	0.9688
1874	0.8967
1875	0.897
1876	0.872
1877	0.8501
1878	0.9659
1879	0.9801
1880	0.9197
1881	0.9581
1882	0.9531
1883	0.9114
1884	0.9624
1885	0.974
1886	0.9517
1887	0.9415
1888	0.9237
1889	0.8709
1890	0.8049
1891	0.6656
1892	0.674
1893	0.7714
1894	0.7159
1895	0.7762
1896	0.7044
1897	0.7401
1898	0.722
1899	0.6278
1900	0.6244
1901	0.6058
1902	0.6135
1903	0.6652
1904	0.691
1905	0.5451
1906	0.5397
1907	0.5434
1908	0.5683
1909	0.5448
1910	0.7214
1911	0.8005
1912	0.8794
1913	0.9284
1914	0.8314
1915	0.8866
1916	0.8868
1917	0.906
1918	0.8783
1919	0.8927
1920	0.8924
1921	0.8059
1922	0.7258
1923	0.7707
1924	0.6572
1925	0.6276
1926	0.8642
1927	0.8383
1928	0.8835
1929	0.7212
1930	0.7237
1931	0.7568
1932	0.709
1933	0.8193
1934	0.9009
1935	0.8775
1936	0.9278
1937	0.8842
1938	0.9597
1939	0.9402
1940	0.8567
1941	0.8967
1942	0.9168
1943	0.9116
1944	0.8923
1945	0.8644
1946	0.9014
1947	0.851
1948	0.8414
1949	0.6353
1950	0.7658
1951	0.7713
1952	0.8161
1953	0.8363
1954	0.8497
1955	0.8831
1956	0.7502
1957	0.7843
1958	0.7992
1959	0.8752
1960	0.8781
1961	0.8635
1962	0.8237
1963	0.8642
1964	0.7966
1965	0.739
1966	0.7012
1967	0.7822
1968	0.64
1969	0.571
1970	0.5608
1971	0.5802
1972	0.4695
1973	0.5047
1974	0.5447
1975	0.5605
1976	0.5764
1977	0.5628
1978	0.6187
1979	0.5714
1980	0.6565
1981	0.6957
1982	0.6116
1983	0.6053
1984	0.6446
1985	0.7382
1986	0.7378
1987	0.7012
1988	0.6183
1989	0.6462
1990	0.4939
1991	0.5812
1992	0.5344
1993	0.5042
1994	0.3409
1995	0.5609
1996	0.691
1997	0.8483
1998	0.8732
1999	0.8597
2000	0.8439
1001	15.9
1002	27.73
1003	13.1
1004	26.27
1005	19.28
1006	24.22
1007	26.81
1008	24.35
1009	24.87
1010	16.55
1011	12.12
1012	32.01
1013	29.48
1014	73.32
1015	46.59
1016	53.0
1017	42.7
1018	46.8
1019	92.35
1020	99.84
1021	98.28
1022	95.65
1023	48.64
1024	30.83
1025	51.82
1026	69.58
1027	61.08
1028	42.33
1029	35.13
1030	54.13
1031	74.72
1032	83.84
1033	89.56
1034	89.36
1035	72.53
1036	42.01
1037	65.88
1038	82.4
1039	93.0
1040	91.16
1041	83.14
1042	99.21
1043	92.76
1044	49.91
1045	47.46
1046	33.05
1047	58.05
1048	59.23
1049	70.71
1050	68.01
1051	54.99
1052	68.87
1053	99.07
1054	56.75
1055	31.06
1056	29.84
1057	45.65
1058	29.86
1059	35.95
1060	25.61
1061	41.67
1062	45.4
1063	54.25
1064	86.7
1065	80.53
1066	92.44
1067	87.75
1068	80.53
1069	57.16
1070	72.22
1071	69.14
1072	69.61
1073	91.46
1074	94.12
1075	90.56
1076	94.89
1077	52.65
1078	75.14
1079	68.58
1080	48.02
1081	44.4
1082	56.91
1083	82.95
1084	79.08
1085	86.24
1086	87.28
1087	83.6
1088	72.3
1089	84.3
1090	95.77
1091	38.3
1092	94.07
1093	90.0
1094	90.52
1095	88.04
1096	75.72
1097	87.97
1098	84.79
1099	82.2
1100	82.06
1101	49.02
1102	61.83
1103	72.1
1104	83.59
1105	87.24
1106	48.59
1107	38.7
1108	21.16
1109	14.76
1110	16.58
1111	17.77
1112	16.74
1113	10.99
1114	13.48
1115	15.65
1116	15.56
1117	5.814
1118	10.49
1119	21.76
1120	12.63
1121	8.727
1122	14.7
1123	12.58
1124	8.975
1125	9.449
1126	10.17
1127	11.71
1128	20.75
1129	20.87
1130	15.8
1131	36.99
1132	56.35
1133	46.11
1134	37.81
1135	38.07
1136	95.9
1137	28.56
1138	27.11
1139	87.8
1140	88.35
1141	75.56
1142	48.73
1143	48.82
1144	74.57
1145	89.81
1146	93.99
1147	93.57
1148	67.71
1149	34.1
1150	61.21
1151	39.23
1152	61.19
1153	42.76
1154	69.12
1155	66.57
1156	66.6
1157	73.79
1158	48.27
1159	55.15
1160	34.28
1161	31.05
1162	55.99
1163	56.31
1164	92.98
1165	87.12
1166	90.73
1167	97.59
1168	83.09
1169	92.96
1170	86.22
1171	96.29
1172	81.28
1173	55.79
1174	52.12
1175	49.45
1176	45.8
1177	69.7
1178	77.09
1179	74.16
1180	68.53
1181	21.01
1182	16.5
1183	11.46
1184	19.19
1185	20.75
1186	15.49
1187	6.447
1188	8.638
1189	6.91
1190	9.33
1191	30.25
1192	33.73
1193	18.23
1194	18.34
1195	28.34
1196	28.34
1197	28.85
1198	39.83
1199	34.61
1200	51.56
1201	82.49
1202	67.54
1203	48.14
1204	90.97
1205	82.13
1206	95.84
1207	98.45
1208	81.3
1209	95.54
1210	85.74
1211	30.01
1212	38.05
1213	46.14
1214	50.86
1215	25.4
1216	32.05
1217	32.44
1218	48.59
1219	31.07
1220	63.54
1221	46.08
1222	85.41
1223	88.1
1224	48.62
1225	51.8
1226	33.54
1227	10.32
1228	17.19
1229	12.46
1230	19.81
1231	18.6
1232	32.81
1233	45.56
1234	64.61
1235	62.62
1236	39.52
1237	47.52
1238	42.89
1239	49.99
1240	52.23
1241	51.95
1242	83.12
1243	77.32
1244	62.79
1245	58.59
1246	34.84
1247	41.12
1248	46.37
1249	53.25
1250	88.37
1251	87.74
1252	78.42
1253	83.41
1254	77.24
1255	73.33
1256	35.72
1257	40.98
1258	21.05
1259	27.34
1260	10.52
1261	16.53
1262	17.77
1263	47.88
1264	62.01
1265	39.0
1266	56.18
1267	53.03
1268	68.57
1269	67.25
1270	65.93
1271	54.91
1272	86.96
1273	83.15
1274	58.7
1275	53.12
1276	49.36
1277	68.35
1278	76.58
1279	75.49
1280	61.4
1281	66.52
1282	90.95
1283	81.03
1284	92.15
1285	95.1
1286	85.71
1287	98.86
1288	77.07
1289	16.0
1290	76.59
1291	91.52
1292	79.41
1293	85.41
1294	56.3
1295	84.15
1296	59.22
1297	87.82
1298	39.92
1299	28.2
1300	29.08
1301	49.61
1302	72.97
1303	89.25
1304	85.97
1305	67.28
1306	93.83
1307	44.4
1308	58.71
1309	55.55
1310	70.62
1311	45.87
1312	67.01
1313	53.09
1314	57.52
1315	39.31
1316	81.83
1317	58.49
1318	75.96
1319	71.12
1320	89.38
1321	60.99
1322	62.54
1323	71.57
1324	76.6
1325	77.45
1326	61.49
1327	61.69
1328	94.19
1329	85.82
1330	76.7
1331	64.9
1332	61.73
1333	35.47
1334	61.62
1335	48.04
1336	59.54
1337	84.92
1338	72.01
1339	81.07
1340	84.09
1341	67.11
1342	87.63
1343	62.97
1344	51.67
1345	43.66
1346	32.79
1347	76.04
1348	84.59
1349	93.35
1350	93.69
1351	89.25
1352	90.22
1353	77.15
1354	84.22
1355	82.36
1356	94.22
1357	81.83
1358	90.48
1359	80.93
1360	96.57
1361	92.72
1362	99.63
1363	98.15
1364	82.84
1365	69.05
1366	56.33
1367	47.23
1368	57.46
1369	60.04
1370	59.33
1371	85.11
1372	38.53
1373	59.33
1374	79.4
1375	88.04
1376	73.27
1377	84.47
1378	29.39
1379	26.12
1380	9.85
1381	4.363
1382	5.019
1383	4.86
1384	5.974
1385	8.225
1386	8.934
1387	30.68
1388	52.88
1389	71.77
1390	87.29
1391	41.88
1392	36.28
1393	32.39
1394	24.55
1395	32.62
1396	49.3
1397	26.72
1398	63.77
1399	78.89
1400	63.13
1401	54.87
1402	45.29
1403	30.59
1404	50.62
1405	84.94
1406	75.19
1407	62.19
1408	90.68
1409	92.93
1410	82.47
1411	64.31
1412	90.22
1413	45.46
1414	34.21
1415	30.33
1416	5.822
1417	9.462
1418	11.48
1419	10.66
1420	14.91
1421	18.66
1422	20.37
1423	18.21
1424	18.52
1425	17.61
1426	15.96
1427	21.41
1428	24.13
1429	14.83
1430	13.16
1431	8.664
1432	22.08
1433	20.6
1434	19.3
1435	13.49
1436	12.26
1437	16.65
1438	13.97
1439	18.14
1440	14.28
1441	8.173
1442	15.14
1443	41.71
1444	17.61
1445	31.0
1446	31.88
1447	37.59
1448	62.82
1449	77.25
1450	93.86
1451	49.81
1452	92.6
1453	66.31
1454	83.45
1455	71.03
1456	58.39
1457	53.74
1458	53.31
1459	50.93
1460	86.24
1461	39.54
1462	48.16
1463	52.61
1464	26.11
1465	23.28
1466	26.97
1467	30.55
1468	40.43
1469	40.44
1470	81.43
1471	91.46
1472	88.64
1473	86.58
1474	69.89
1475	51.99
1476	38.38
1477	28.87
1478	29.91
1479	39.99
1480	77.13
1481	63.95
1482	38.69
1483	55.13
1484	23.85
1485	25.63
1486	21.8
1487	18.76
1488	8.517
1489	7.414
1490	8.375
1491	9.787
1492	8.506
1493	12.77
1494	14.0
1495	10.82
1496	12.47
1497	13.93
1498	10.07
1499	7.901
1500	8.422
1501	15.29
1502	18.41
1503	23.64
1504	11.29
1505	12.69
1506	12.69
1507	10.62
1508	8.72
1509	8.788
1510	3.909
1511	4.53
1512	6.623
1513	6.685
1514	9.31
1515	7.264
1516	9.044
1517	17.61
1518	9.928
1519	10.69
1520	19.75
1521	23.54
1522	16.34
1523	14.86
1524	31.55
1525	34.8
1526	32.1
1527	40.89
1528	39.42
1529	39.01
1530	35.69
1531	76.85
1532	52.83
1533	67.19
1534	45.68
1535	46.25
1536	43.64
1537	72.25
1538	84.84
1539	64.48
1540	96.63
1541	98.97
1542	87.74
1543	73.8
1544	52.78
1545	59.62
1546	44.23
1547	43.98
1548	35.1
1549	71.86
1550	70.37
1551	82.54
1552	71.99
1553	57.48
1554	34.68
1555	73.49
1556	63.31
1557	95.41
1558	64.79
1559	73.25
1560	76.23
1561	88.15
1562	93.61
1563	94.64
1564	80.45
1565	51.35
1566	72.26
1567	95.93
1568	69.73
1569	52.04
1570	98.33
1571	69.04
1572	60.85
1573	48.95
1574	59.57
1575	66.05
1576	91.09
1577	78.62
1578	65.64
1579	94.18
1580	74.29
1581	88.6
1582	77.97
1583	81.37
1584	79.69
1585	88.55
1586	83.74
1587	98.21
1588	90.52
1589	70.05
1590	65.72
1591	88.1
1592	43.93
1593	76.98
1594	82.15
1595	58.94
1596	61.96
1597	66.64
1598	45.27
1599	82.35
1600	23.05
1601	28.28
1602	30.95
1603	20.0
1604	30.78
1605	20.84
1606	19.28
1607	19.77
1608	14.61
1609	12.81
1610	16.46
1611	11.75
1612	11.57
1613	25.0
1614	62.17
1615	36.56
1616	23.83
1617	57.71
1618	58.01
1619	65.79
1620	33.77
1621	88.33
1622	67.87
1623	42.94
1624	47.92
1625	29.08
1626	34.65
1627	29.93
1628	33.86
1629	50.66
1630	56.33
1631	40.52
1632	90.99
1633	56.46
1634	61.89
1635	38.64
1636	87.3
1637	92.24
1638	62.38
1639	49.13
1640	61.63
1641	86.19
1642	87.21
1643	46.8
1644	80.22
1645	91.5
1646	90.06
1647	59.19
1648	98.71
1649	99.66
1650	89.24
1651	87.54
1652	67.5
1653	72.52
1654	99.68
1655	95.63
1656	47.27
1657	44.49
1658	29.36
1659	73.16
1660	47.25
1661	52.86
1662	66.53
1663	76.27
1664	82.68
1665	50.86
1666	51.96
1667	55.8
1668	54.65
1669	60.86
1670	42.95
1671	30.3
1672	46.29
1673	29.7
1674	36.08
1675	32.52
1676	57.81
1677	27.09
1678	59.67
1679	87.3
1680	81.82
1681	83.58
1682	41.28
1683	48.46
1684	28.09
1685	25.21
1686	26.28
1687	32.69
1688	34.47
1689	38.2
1690	47.47
1691	70.99
1692	76.43
1693	17.37
1694	64.8
1695	62.02
1696	51.16
1697	44.65
1698	33.73
1699	37.43
1700	79.69
1701	95.03
1702	94.1
1703	79.78
1704	90.45
1705	88.33
1706	58.73
1707	52.81
1708	92.9
1709	97.52
1710	89.75
1711	65.32
1712	69.12
1713	58.38
1714	81.67
1715	82.57
1716	79.56
1717	63.37
1718	51.33
1719	69.15
1720	80.12
1721	91.72
1722	66.97
1723	97.86
1724	81.73
1725	74.01
1726	81.38
1727	97.07
1728	89.06
1729	88.15
1730	99.24
1731	94.69
1732	71.37
1733	64.05
1734	42.17
1735	48.03
1736	47.96
1737	47.27
1738	64.07
1739	62.34
1740	93.99
1741	94.66
1742	81.34
1743	80.99
1744	83.85
1745	55.64
1746	98.93
1747	41.96
1748	37.31
1749	53.63
1750	83.6
1751	41.62
1752	58.73
1753	43.44
1754	39.73
1755	36.24
1756	41.55
1757	93.68
1758	46.74
1759	45.92
1760	47.81
1761	77.69
1762	72.35
1763	71.97
1764	72.01
1765	81.23
1766	24.37
1767	35.65
1768	34.28
1769	33.84
1770	12.04
1771	20.21
1772	21.77
1773	12.16
1774	8.897
1775	8.835
1776	9.538
1777	20.02
1778	20.58
1779	18.18
1780	13.84
1781	19.18
1782	10.87
1783	55.5
1784	50.18
1785	36.96
1786	94.2
1787	60.4
1788	62.01
1789	70.94
1790	89.81
1791	89.11
1792	82.78
1793	93.35
1794	49.87
1795	61.95
1796	60.08
1797	30.63
1798	28.03
1799	26.74
1800	46.86
1801	86.31
1802	99.58
1803	56.42
1804	20.94
1805	53.44
1806	25.34
1807	15.78
1808	19.17
1809	45.26
1810	60.07
1811	39.61
1812	46.4
1813	37.73
1814	33.04
1815	37.69
1816	47.29
1817	36.52
1818	69.65
1819	55.19
1820	63.45
1821	22.61
1822	14.72
1823	9.143
1824	10.19
1825	11.35
1826	8.274
1827	8.814
1828	8.045
1829	7.089
1830	6.598
1831	8.142
1832	8.835
1833	7.161
1834	10.04
1835	10.69
1836	18.63
1837	26.13
1838	28.33
1839	41.3
1840	90.01
1841	72.16
1842	88.85
1843	31.48
1844	31.08
1845	46.01
1846	41.47
1847	50.51
1848	37.72
1849	77.13
1850	41.06
1851	62.37
1852	62.31
1853	36.61
1854	36.08
1855	48.67
1856	53.51
1857	55.35
1858	56.21
1859	91.37
1860	52.51
1861	69.46
1862	83.25
1863	56.05
1864	59.55
1865	39.47
1866	75.89
1867	79.08
1868	94.24
1869	66.63
1870	42.1
1871	32.83
1872	52.72
1873	84.98
1874	27.84
1875	25.96
1876	33.07
1877	13.38
1878	12.27
1879	10.15
1880	14.28
1881	8.608
1882	17.69
1883	34.69
1884	25.44
1885	25.07
1886	25.79
1887	23.76
1888	19.71
1889	28.92
1890	19.81
1891	31.7
1892	39.38
1893	46.19
1894	26.53
1895	19.5
1896	33.03
1897	19.12
1898	29.45
1899	37.68
1900	39.0
1901	58.56
1902	29.11
1903	31.05
1904	34.21
1905	37.94
1906	59.39
1907	96.08
1908	72.99
1909	36.71
1910	28.97
1911	28.62
1912	33.54
1913	24.83
1914	30.59
1915	20.61
1916	28.34
1917	33.27
1918	13.97
1919	19.06
1920	15.91
1921	15.52
1922	24.19
1923	22.03
1924	22.1
1925	23.07
1926	16.52
1927	17.13
1928	9.344
1929	8.91
1930	9.92
1931	6.209
1932	4.409
1933	5.856
1934	5.993
1935	8.487
1936	8.252
1937	6.33
1938	4.567
1939	5.01
1940	4.563
1941	4.065
1942	4.207
1943	5.382
1944	5.053
1945	5.226
1946	6.794
1947	6.397
1948	15.24
1949	11.47
1950	7.971
1951	15.78
1952	19.02
1953	10.64
1954	12.79
1955	11.03
1956	13.36
1957	10.41
1958	11.61
1959	10.99
1960	14.25
1961	9.515
1962	17.35
1963	29.97
1964	24.39
1965	31.38
1966	36.37
1967	25.59
1968	17.96
1969	17.53
1970	16.73
1971	16.58
1972	28.64
1973	24.68
1974	86.72
1975	60.02
1976	72.94
1977	58.78
1978	38.49
1979	46.96
1980	56.16
1981	59.29
1982	99.27
1983	47.07
1984	47.89
1985	44.15
1986	41.05
1987	55.24
1988	39.96
1989	25.51
1990	30.56
1991	17.97
1992	15.31
1993	23.32
1994	27.29
1995	33.58
1996	29.41
1997	29.39
1998	36.05
1999	23.98
2000	28.03
