1001	51.0
1002	50.0
1003	42.0
1004	38.0
1005	38.0
1006	38.0
1007	35.0
1008	35.0
1009	36.0
1010	40.0
1011	42.0
1012	42.0
1013	43.0
1014	39.0
1015	45.0
1016	41.0
1017	51.0
1018	49.0
1019	47.0
1020	49.0
1021	57.0
1022	53.0
1023	54.0
1024	57.0
1025	57.0
1026	57.0
1027	50.0
1028	51.0
1029	51.0
1030	51.0
1031	57.0
1032	49.0
1033	48.0
1034	47.0
1035	52.0
1036	54.0
1037	52.0
1038	55.0
1039	53.0
1040	54.0
1041	57.0
1042	62.0
1043	63.0
1044	64.0
1045	65.0
1046	64.0
1047	64.0
1048	65.0
1049	65.0
1050	64.0
1051	64.0
1052	65.0
1053	65.0
1054	64.0
1055	65.0
1056	63.0
1057	61.0
1058	58.0
1059	58.0
1060	59.0
1061	58.0
1062	63.0
1063	63.0
1064	63.0
1065	65.0
1066	63.0
1067	61.0
1068	60.0
1069	59.0
1070	59.0
1071	56.0
1072	56.0
1073	55.0
1074	54.0
1075	47.0
1076	45.0
1077	36.0
1078	32.0
1079	34.0
1080	34.0
1081	41.0
1082	44.0
1083	47.0
1084	52.0
1085	51.0
1086	50.0
1087	51.0
1088	44.0
1089	38.0
1090	41.0
1091	38.0
1092	38.0
1093	32.0
1094	36.0
1095	39.0
1096	33.0
1097	40.0
1098	45.0
1099	44.0
1100	49.0
1101	48.0
1102	53.0
1103	57.0
1104	55.0
1105	57.0
1106	56.0
1107	52.0
1108	51.0
1109	50.0
1110	53.0
1111	54.0
1112	54.0
1113	54.0
1114	44.0
1115	53.0
1116	52.0
1117	49.0
1118	42.0
1119	27.0
1120	25.0
1121	30.0
1122	28.0
1123	25.0
1124	17.0
1125	17.0
1126	17.0
1127	21.0
1128	20.0
1129	26.0
1130	29.0
1131	32.0
1132	21.0
1133	29.0
1134	30.0
1135	33.0
1136	42.0
1137	41.0
1138	39.0
1139	52.0
1140	53.0
1141	60.0
1142	57.0
1143	52.0
1144	58.0
1145	63.0
1146	63.0
1147	60.0
1148	58.0
1149	58.0
1150	55.0
1151	61.0
1152	61.0
1153	60.0
1154	57.0
1155	59.0
1156	60.0
1157	58.0
1158	59.0
1159	58.0
1160	57.0
1161	49.0
1162	45.0
1163	47.0
1164	40.0
1165	48.0
1166	47.0
1167	47.0
1168	47.0
1169	45.0
1170	42.0
1171	48.0
1172	51.0
1173	52.0
1174	52.0
1175	59.0
1176	58.0
1177	54.0
1178	52.0
1179	51.0
1180	51.0
1181	45.0
1182	47.0
1183	42.0
1184	35.0
1185	40.0
1186	37.0
1187	45.0
1188	38.0
1189	30.0
1190	24.0
1191	26.0
1192	33.0
1193	38.0
1194	38.0
1195	44.0
1196	45.0
1197	51.0
1198	56.0
1199	47.0
1200	41.0
1201	41.0
1202	42.0
1203	45.0
1204	49.0
1205	43.0
1206	40.0
1207	47.0
1208	33.0
1209	38.0
1210	35.0
1211	39.0
1212	33.0
1213	30.0
1214	34.0
1215	36.0
1216	45.0
1217	49.0
1218	53.0
1219	50.0
1220	53.0
1221	50.0
1222	49.0
1223	43.0
1224	42.0
1225	32.0
1226	36.0
1227	26.0
1228	32.0
1229	25.0
1230	25.0
1231	32.0
1232	30.0
1233	30.0
1234	33.0
1235	30.0
1236	29.0
1237	27.0
1238	29.0
1239	31.0
1240	39.0
1241	38.0
1242	40.0
1243	36.0
1244	34.0
1245	32.0
1246	40.0
1247	47.0
1248	44.0
1249	49.0
1250	46.0
1251	44.0
1252	47.0
1253	50.0
1254	51.0
1255	48.0
1256	45.0
1257	49.0
1258	52.0
1259	49.0
1260	54.0
1261	60.0
1262	62.0
1263	64.0
1264	65.0
1265	64.0
1266	59.0
1267	58.0
1268	59.0
1269	49.0
1270	55.0
1271	47.0
1272	44.0
1273	45.0
1274	46.0
1275	50.0
1276	53.0
1277	52.0
1278	55.0
1279	55.0
1280	52.0
1281	51.0
1282	47.0
1283	51.0
1284	53.0
1285	55.0
1286	57.0
1287	50.0
1288	47.0
1289	45.0
1290	46.0
1291	49.0
1292	52.0
1293	52.0
1294	52.0
1295	48.0
1296	55.0
1297	49.0
1298	47.0
1299	42.0
1300	40.0
1301	36.0
1302	33.0
1303	25.0
1304	32.0
1305	33.0
1306	27.0
1307	18.0
1308	21.0
1309	22.0
1310	26.0
1311	28.0
1312	25.0
1313	23.0
1314	28.0
1315	28.0
1316	32.0
1317	34.0
1318	33.0
1319	29.0
1320	34.0
1321	32.0
1322	39.0
1323	47.0
1324	51.0
1325	57.0
1326	57.0
1327	57.0
1328	61.0
1329	62.0
1330	64.0
1331	64.0
1332	64.0
1333	63.0
1334	61.0
1335	59.0
1336	58.0
1337	55.0
1338	51.0
1339	55.0
1340	59.0
1341	58.0
1342	57.0
1343	46.0
1344	38.0
1345	40.0
1346	38.0
1347	52.0
1348	45.0
1349	39.0
1350	45.0
1351	35.0
1352	36.0
1353	34.0
1354	40.0
1355	44.0
1356	42.0
1357	44.0
1358	42.0
1359	46.0
1360	47.0
1361	44.0
1362	46.0
1363	44.0
1364	47.0
1365	43.0
1366	40.0
1367	37.0
1368	37.0
1369	37.0
1370	41.0
1371	45.0
1372	48.0
1373	47.0
1374	53.0
1375	51.0
1376	50.0
1377	51.0
1378	61.0
1379	62.0
1380	65.0
1381	64.0
1382	61.0
1383	58.0
1384	52.0
1385	52.0
1386	53.0
1387	51.0
1388	49.0
1389	52.0
1390	54.0
1391	56.0
1392	60.0
1393	59.0
1394	53.0
1395	57.0
1396	58.0
1397	55.0
1398	62.0
1399	65.0
1400	65.0
1401	65.0
1402	65.0
1403	64.0
1404	64.0
1405	63.0
1406	59.0
1407	55.0
1408	50.0
1409	54.0
1410	53.0
1411	58.0
1412	60.0
1413	58.0
1414	60.0
1415	63.0
1416	61.0
1417	64.0
1418	64.0
1419	65.0
1420	64.0
1421	64.0
1422	64.0
1423	60.0
1424	58.0
1425	62.0
1426	60.0
1427	56.0
1428	60.0
1429	53.0
1430	54.0
1431	55.0
1432	51.0
1433	56.0
1434	62.0
1435	59.0
1436	56.0
1437	58.0
1438	54.0
1439	50.0
1440	50.0
1441	53.0
1442	49.0
1443	50.0
1444	48.0
1445	49.0
1446	50.0
1447	49.0
1448	43.0
1449	30.0
1450	36.0
1451	39.0
1452	40.0
1453	40.0
1454	39.0
1455	33.0
1456	30.0
1457	32.0
1458	48.0
1459	43.0
1460	54.0
1461	51.0
1462	49.0
1463	53.0
1464	54.0
1465	53.0
1466	49.0
1467	50.0
1468	46.0
1469	43.0
1470	48.0
1471	45.0
1472	46.0
1473	49.0
1474	46.0
1475	43.0
1476	40.0
1477	37.0
1478	40.0
1479	39.0
1480	47.0
1481	38.0
1482	36.0
1483	31.0
1484	28.0
1485	33.0
1486	38.0
1487	37.0
1488	32.0
1489	30.0
1490	30.0
1491	32.0
1492	32.0
1493	37.0
1494	34.0
1495	24.0
1496	35.0
1497	25.0
1498	25.0
1499	23.0
1500	29.0
1501	36.0
1502	43.0
1503	34.0
1504	35.0
1505	33.0
1506	34.0
1507	29.0
1508	25.0
1509	22.0
1510	34.0
1511	39.0
1512	36.0
1513	29.0
1514	39.0
1515	40.0
1516	32.0
1517	39.0
1518	48.0
1519	53.0
1520	52.0
1521	45.0
1522	43.0
1523	41.0
1524	45.0
1525	46.0
1526	40.0
1527	33.0
1528	35.0
1529	35.0
1530	38.0
1531	31.0
1532	35.0
1533	36.0
1534	35.0
1535	45.0
1536	48.0
1537	50.0
1538	52.0
1539	58.0
1540	55.0
1541	58.0
1542	54.0
1543	58.0
1544	60.0
1545	62.0
1546	62.0
1547	64.0
1548	64.0
1549	64.0
1550	64.0
1551	62.0
1552	63.0
1553	62.0
1554	56.0
1555	59.0
1556	59.0
1557	57.0
1558	59.0
1559	59.0
1560	58.0
1561	57.0
1562	57.0
1563	55.0
1564	59.0
1565	57.0
1566	53.0
1567	49.0
1568	45.0
1569	51.0
1570	52.0
1571	56.0
1572	56.0
1573	56.0
1574	58.0
1575	55.0
1576	59.0
1577	62.0
1578	59.0
1579	58.0
1580	61.0
1581	63.0
1582	57.0
1583	53.0
1584	51.0
1585	56.0
1586	54.0
1587	48.0
1588	49.0
1589	45.0
1590	48.0
1591	43.0
1592	33.0
1593	30.0
1594	26.0
1595	22.0
1596	19.0
1597	18.0
1598	24.0
1599	21.0
1600	22.0
1601	21.0
1602	23.0
1603	28.0
1604	35.0
1605	42.0
1606	39.0
1607	36.0
1608	28.0
1609	27.0
1610	26.0
1611	26.0
1612	28.0
1613	24.0
1614	20.0
1615	23.0
1616	34.0
1617	36.0
1618	35.0
1619	32.0
1620	31.0
1621	38.0
1622	47.0
1623	49.0
1624	46.0
1625	38.0
1626	29.0
1627	30.0
1628	27.0
1629	33.0
1630	27.0
1631	35.0
1632	39.0
1633	45.0
1634	42.0
1635	40.0
1636	33.0
1637	31.0
1638	37.0
1639	40.0
1640	37.0
1641	33.0
1642	45.0
1643	45.0
1644	46.0
1645	44.0
1646	50.0
1647	47.0
1648	47.0
1649	49.0
1650	49.0
1651	52.0
1652	50.0
1653	54.0
1654	57.0
1655	57.0
1656	59.0
1657	54.0
1658	43.0
1659	42.0
1660	35.0
1661	33.0
1662	28.0
1663	21.0
1664	29.0
1665	22.0
1666	17.0
1667	18.0
1668	18.0
1669	23.0
1670	20.0
1671	14.0
1672	13.0
1673	19.0
1674	21.0
1675	18.0
1676	20.0
1677	11.0
1678	9.0
1679	14.0
1680	13.0
1681	12.0
1682	11.0
1683	12.0
1684	9.0
1685	15.0
1686	19.0
1687	21.0
1688	23.0
1689	19.0
1690	19.0
1691	19.0
1692	23.0
1693	21.0
1694	21.0
1695	20.0
1696	23.0
1697	25.0
1698	29.0
1699	27.0
1700	24.0
1701	31.0
1702	34.0
1703	30.0
1704	26.0
1705	41.0
1706	46.0
1707	53.0
1708	52.0
1709	50.0
1710	56.0
1711	57.0
1712	59.0
1713	57.0
1714	57.0
1715	64.0
1716	65.0
1717	61.0
1718	59.0
1719	61.0
1720	60.0
1721	60.0
1722	59.0
1723	59.0
1724	58.0
1725	55.0
1726	54.0
1727	55.0
1728	51.0
1729	49.0
1730	40.0
1731	42.0
1732	40.0
1733	44.0
1734	46.0
1735	52.0
1736	50.0
1737	53.0
1738	47.0
1739	30.0
1740	19.0
1741	22.0
1742	23.0
1743	29.0
1744	32.0
1745	30.0
1746	36.0
1747	31.0
1748	36.0
1749	41.0
1750	34.0
1751	37.0
1752	30.0
1753	33.0
1754	32.0
1755	30.0
1756	32.0
1757	35.0
1758	29.0
1759	30.0
1760	30.0
1761	33.0
1762	35.0
1763	43.0
1764	43.0
1765	36.0
1766	29.0
1767	32.0
1768	30.0
1769	30.0
1770	30.0
1771	34.0
1772	31.0
1773	36.0
1774	42.0
1775	45.0
1776	42.0
1777	47.0
1778	49.0
1779	50.0
1780	45.0
1781	48.0
1782	47.0
1783	52.0
1784	49.0
1785	41.0
1786	42.0
1787	34.0
1788	36.0
1789	33.0
1790	36.0
1791	36.0
1792	29.0
1793	29.0
1794	26.0
1795	34.0
1796	34.0
1797	43.0
1798	47.0
1799	42.0
1800	48.0
1801	33.0
1802	39.0
1803	39.0
1804	30.0
1805	26.0
1806	34.0
1807	41.0
1808	33.0
1809	27.0
1810	32.0
1811	35.0
1812	31.0
1813	32.0
1814	36.0
1815	48.0
1816	49.0
1817	50.0
1818	42.0
1819	46.0
1820	45.0
1821	38.0
1822	46.0
1823	49.0
1824	50.0
1825	50.0
1826	43.0
1827	42.0
1828	39.0
1829	48.0
1830	43.0
1831	36.0
1832	40.0
1833	27.0
1834	26.0
1835	26.0
1836	27.0
1837	35.0
1838	36.0
1839	30.0
1840	38.0
1841	37.0
1842	32.0
1843	31.0
1844	32.0
1845	34.0
1846	41.0
1847	44.0
1848	33.0
1849	23.0
1850	19.0
1851	23.0
1852	17.0
1853	23.0
1854	29.0
1855	27.0
1856	28.0
1857	23.0
1858	23.0
1859	29.0
1860	33.0
1861	38.0
1862	47.0
1863	47.0
1864	50.0
1865	44.0
1866	48.0
1867	48.0
1868	46.0
1869	49.0
1870	41.0
1871	50.0
1872	39.0
1873	53.0
1874	56.0
1875	58.0
1876	64.0
1877	65.0
1878	65.0
1879	65.0
1880	64.0
1881	63.0
1882	64.0
1883	62.0
1884	58.0
1885	57.0
1886	45.0
1887	44.0
1888	50.0
1889	46.0
1890	33.0
1891	38.0
1892	43.0
1893	53.0
1894	50.0
1895	49.0
1896	51.0
1897	52.0
1898	48.0
1899	49.0
1900	47.0
1901	50.0
1902	57.0
1903	60.0
1904	56.0
1905	60.0
1906	62.0
1907	60.0
1908	58.0
1909	53.0
1910	56.0
1911	58.0
1912	63.0
1913	65.0
1914	65.0
1915	65.0
1916	59.0
1917	61.0
1918	58.0
1919	60.0
1920	56.0
1921	58.0
1922	53.0
1923	52.0
1924	55.0
1925	57.0
1926	58.0
1927	63.0
1928	65.0
1929	65.0
1930	65.0
1931	65.0
1932	65.0
1933	60.0
1934	55.0
1935	55.0
1936	54.0
1937	50.0
1938	56.0
1939	58.0
1940	57.0
1941	53.0
1942	54.0
1943	59.0
1944	60.0
1945	60.0
1946	62.0
1947	59.0
1948	56.0
1949	59.0
1950	60.0
1951	60.0
1952	63.0
1953	65.0
1954	65.0
1955	63.0
1956	62.0
1957	62.0
1958	57.0
1959	51.0
1960	51.0
1961	50.0
1962	55.0
1963	57.0
1964	51.0
1965	56.0
1966	56.0
1967	53.0
1968	52.0
1969	56.0
1970	57.0
1971	60.0
1972	59.0
1973	64.0
1974	64.0
1975	65.0
1976	65.0
1977	65.0
1978	65.0
1979	65.0
1980	64.0
1981	62.0
1982	58.0
1983	64.0
1984	62.0
1985	63.0
1986	62.0
1987	59.0
1988	61.0
1989	60.0
1990	58.0
1991	61.0
1992	62.0
1993	59.0
1994	54.0
1995	53.0
1996	57.0
1997	52.0
1998	50.0
1999	48.0
2000	45.0
1001	0.004984
1002	0.02994
1003	0.08626
1004	0.09453
1005	0.1451
1006	0.03863
1007	0.00811
1008	2.459E-4
1009	0.0154
1010	0.1874
1011	0.03226
1012	0.1644
1013	0.007052
1014	0.03439
1015	0.06685
1016	0.06364
1017	0.04889
1018	0.1234
1019	0.03857
1020	0.01291
1021	0.1274
1022	0.04896
1023	0.005162
1024	0.006705
1025	0.00503
1026	0.03164
1027	0.0678
1028	0.01872
1029	0.09435
1030	0.07419
1031	0.03515
1032	0.09135
1033	3.225E-4
1034	0.2647
1035	0.08394
1036	0.2487
1037	0.2429
1038	0.06804
1039	0.03809
1040	0.0876
1041	0.06303
1042	0.08049
1043	0.01008
1044	0.03543
1045	0.02653
1046	0.08433
1047	0.1053
1048	0.1322
1049	0.01522
1050	0.1983
1051	0.2603
1052	0.27
1053	0.0511
1054	0.0645
1055	0.07256
1056	0.04881
1057	0.06823
1058	0.009432
1059	0.1879
1060	0.1672
1061	0.2703
1062	0.04447
1063	0.00423
1064	0.004802
1065	0.014
1066	0.03305
1067	0.02173
1068	0.1455
1069	0.1343
1070	0.09162
1071	0.1385
1072	0.01163
1073	0.04538
1074	0.1365
1075	0.08499
1076	0.06439
1077	0.01557
1078	0.1881
1079	0.1202
1080	0.202
1081	0.04873
1082	0.1899
1083	0.2367
1084	0.1992
1085	0.02868
1086	0.06353
1087	0.1034
1088	0.2781
1089	0.2123
1090	0.3839
1091	0.3374
1092	0.3013
1093	0.1882
1094	0.07817
1095	0.04269
1096	0.2324
1097	0.1167
1098	0.1798
1099	0.1151
1100	0.1149
1101	0.07295
1102	0.3962
1103	0.5079
1104	0.1535
1105	0.006035
1106	0.01929
1107	0.02532
1108	0.1937
1109	0.01122
1110	0.004754
1111	0.1777
1112	0.08181
1113	0.2512
1114	0.1647
1115	0.08532
1116	0.05324
1117	0.006273
1118	0.1511
1119	0.1899
1120	0.02122
1121	0.03744
1122	0.1055
1123	0.07584
1124	0.08723
1125	0.02636
1126	0.1937
1127	0.09318
1128	0.121
1129	0.2836
1130	0.2867
1131	0.311
1132	0.1736
1133	0.06883
1134	0.05541
1135	0.01035
1136	0.03665
1137	0.04333
1138	0.08534
1139	0.0753
1140	0.04766
1141	0.1854
1142	0.009433
1143	0.1101
1144	0.122
1145	0.168
1146	0.1753
1147	0.1534
1148	0.03997
1149	0.1214
1150	0.04222
1151	0.04798
1152	0.2608
1153	0.05861
1154	0.1553
1155	0.08588
1156	0.0601
1157	0.209
1158	0.2189
1159	0.03597
1160	0.05159
1161	0.1049
1162	0.02088
1163	0.0421
1164	0.1001
1165	0.2122
1166	0.2117
1167	0.1696
1168	0.05448
1169	0.03867
1170	0.02129
1171	0.08215
1172	0.07518
1173	0.2419
1174	0.006778
1175	0.01793
1176	0.01117
1177	0.08306
1178	0.1105
1179	0.113
1180	0.1083
1181	0.1084
1182	0.1749
1183	0.2138
1184	0.1308
1185	0.004424
1186	5.037E-4
1187	0.01887
1188	0.04135
1189	0.03595
1190	0.1348
1191	0.1177
1192	0.2654
1193	0.2605
1194	0.1642
1195	0.08305
1196	0.06212
1197	0.05485
1198	0.04177
1199	0.1141
1200	0.1619
1201	0.4202
1202	0.04597
1203	0.02699
1204	0.009912
1205	0.2817
1206	0.3058
1207	0.2182
1208	0.216
1209	0.2363
1210	0.2054
1211	0.04723
1212	0.2981
1213	0.1147
1214	0.0938
1215	0.1027
1216	0.08195
1217	0.161
1218	0.4802
1219	0.225
1220	0.1701
1221	0.0333
1222	0.04274
1223	0.1931
1224	0.1158
1225	0.2142
1226	0.09428
1227	0.09461
1228	0.09362
1229	0.1155
1230	0.03681
1231	0.02325
1232	0.03406
1233	0.055
1234	0.005493
1235	0.02881
1236	0.1267
1237	0.2091
1238	0.007729
1239	0.1493
1240	0.1113
1241	0.02772
1242	0.2897
1243	0.2885
1244	0.2634
1245	0.1808
1246	0.229
1247	0.1099
1248	0.157
1249	0.09542
1250	0.1488
1251	0.1033
1252	0.0493
1253	0.1121
1254	0.1376
1255	8.526E-4
1256	0.004921
1257	4.455E-4
1258	0.01143
1259	0.125
1260	0.009819
1261	0.009928
1262	0.1416
1263	0.2002
1264	0.01581
1265	0.07573
1266	0.1547
1267	0.2033
1268	0.1978
1269	0.1242
1270	0.131
1271	0.1185
1272	0.1245
1273	0.01615
1274	0.008246
1275	0.01989
1276	0.1371
1277	0.3002
1278	0.1388
1279	0.06448
1280	0.08105
1281	0.2102
1282	0.2324
1283	0.0211
1284	0.02441
1285	0.2626
1286	0.07904
1287	0.07981
1288	0.1381
1289	0.1739
1290	0.04298
1291	0.1291
1292	0.3114
1293	0.2293
1294	0.3034
1295	0.2666
1296	0.253
1297	0.01748
1298	0.01439
1299	0.03116
1300	0.02866
1301	0.01728
1302	0.06459
1303	0.08377
1304	0.3798
1305	0.1594
1306	0.07381
1307	0.0969
1308	0.04013
1309	0.1086
1310	0.09307
1311	0.2371
1312	0.1009
1313	0.06461
1314	0.1086
1315	0.03093
1316	0.011
1317	0.0142
1318	0.002545
1319	0.09434
1320	0.01573
1321	0.01784
1322	0.06852
1323	0.029
1324	0.1417
1325	0.1981
1326	0.06267
1327	0.2574
1328	0.2272
1329	0.04337
1330	0.03875
1331	0.1552
1332	0.2708
1333	0.2627
1334	0.173
1335	0.1374
1336	0.02664
1337	5.826E-4
1338	0.09575
1339	0.06713
1340	0.04461
1341	0.07689
1342	0.004907
1343	0.05319
1344	0.06186
1345	0.1569
1346	0.1494
1347	0.1557
1348	0.1511
1349	0.005987
1350	0.05108
1351	0.04732
1352	0.0507
1353	0.06887
1354	0.3302
1355	0.2347
1356	0.1169
1357	0.1247
1358	0.04838
1359	0.07001
1360	0.0999
1361	0.0736
1362	0.1133
1363	0.04428
1364	0.03403
1365	0.1136
1366	0.08705
1367	0.1427
1368	0.09908
1369	0.2971
1370	0.2871
1371	0.2092
1372	0.04315
1373	0.04295
1374	0.01471
1375	0.02964
1376	0.08608
1377	0.001055
1378	0.0053
1379	0.02253
1380	0.07339
1381	0.09876
1382	0.07209
1383	0.08796
1384	0.3071
1385	0.1758
1386	0.1393
1387	0.05873
1388	0.1354
1389	0.1135
1390	0.008875
1391	6.185E-4
1392	0.08223
1393	0.09467
1394	0.06341
1395	0.04275
1396	0.003358
1397	0.02576
1398	0.01057
1399	0.1013
1400	0.07217
1401	0.05292
1402	0.04734
1403	0.1486
1404	0.1098
1405	0.1376
1406	0.01266
1407	8.269E-4
1408	0.01221
1409	0.06825
1410	0.1087
1411	0.124
1412	0.06508
1413	0.1466
1414	0.1579
1415	6.97E-4
1416	0.1399
1417	0.1565
1418	0.05519
1419	0.02152
1420	0.09373
1421	0.1465
1422	0.01932
1423	0.1967
1424	0.1943
1425	0.2851
1426	0.2444
1427	0.1642
1428	0.2242
1429	0.04715
1430	0.07758
1431	0.3362
1432	0.4266
1433	0.07453
1434	0.06932
1435	0.1012
1436	0.03519
1437	0.0586
1438	0.02845
1439	0.05639
1440	0.02274
1441	0.1323
1442	0.02827
1443	0.1971
1444	0.0502
1445	0.05317
1446	0.004274
1447	0.002011
1448	0.2085
1449	0.02315
1450	0.00517
1451	0.01909
1452	0.06035
1453	0.1305
1454	0.1461
1455	0.1192
1456	0.2435
1457	0.07282
1458	0.07932
1459	0.06158
1460	0.02646
1461	0.01732
1462	0.05662
1463	0.1777
1464	0.1774
1465	0.08922
1466	0.0376
1467	0.04423
1468	0.00324
1469	0.05103
1470	0.002109
1471	0.01303
1472	0.03895
1473	0.07538
1474	0.05367
1475	0.1164
1476	0.1708
1477	0.04912
1478	0.1454
1479	0.09196
1480	0.05396
1481	0.07221
1482	0.05036
1483	0.03063
1484	0.007418
1485	0.07835
1486	0.0979
1487	0.001912
1488	0.03868
1489	0.06195
1490	0.02983
1491	0.07874
1492	0.006371
1493	0.001166
1494	0.005844
1495	0.2777
1496	0.2278
1497	0.3204
1498	0.04708
1499	0.05167
1500	0.1194
1501	0.1293
1502	0.009267
1503	0.01172
1504	0.02321
1505	0.00338
1506	0.07895
1507	0.06531
1508	0.01533
1509	0.09109
1510	0.2566
1511	0.3123
1512	0.3004
1513	0.2395
1514	0.2271
1515	0.2211
1516	0.008951
1517	0.007567
1518	0.07918
1519	0.05755
1520	0.02751
1521	0.0802
1522	0.007392
1523	0.009476
1524	0.02043
1525	0.07466
1526	0.01115
1527	0.009682
1528	0.1323
1529	0.1819
1530	0.03038
1531	0.3131
1532	0.2561
1533	0.1206
1534	0.02857
1535	0.1551
1536	0.1743
1537	0.1108
1538	0.07368
1539	0.1447
1540	0.008068
1541	0.0402
1542	0.005856
1543	0.03434
1544	0.2805
1545	0.3026
1546	0.1523
1547	0.08937
1548	0.1396
1549	0.004476
1550	0.01747
1551	0.02903
1552	0.114
1553	0.04517
1554	0.1005
1555	0.1602
1556	0.02052
1557	0.0175
1558	0.08028
1559	0.04856
1560	0.1032
1561	0.132
1562	0.1415
1563	0.1387
1564	0.1782
1565	0.1038
1566	0.05862
1567	0.06912
1568	0.06955
1569	0.06796
1570	0.06099
1571	0.103
1572	0.03887
1573	0.05174
1574	0.01407
1575	0.007539
1576	0.1783
1577	0.06689
1578	0.1146
1579	0.01635
1580	2.791E-4
1581	0.2599
1582	0.1007
1583	0.03281
1584	0.02077
1585	0.07633
1586	0.0645
1587	0.07846
1588	0.1263
1589	0.1542
1590	0.1755
1591	0.05706
1592	0.09738
1593	0.02498
1594	0.1665
1595	0.143
1596	0.1018
1597	0.1204
1598	0.08261
1599	0.2687
1600	0.1797
1601	0.0918
1602	0.04605
1603	0.0324
1604	0.02409
1605	0.1363
1606	0.1022
1607	0.04211
1608	0.03511
1609	0.06718
1610	0.3439
1611	0.02309
1612	0.02209
1613	0.01328
1614	0.0441
1615	0.09134
1616	0.1167
1617	0.03675
1618	0.2519
1619	0.2634
1620	0.1289
1621	0.2949
1622	0.01908
1623	0.09811
1624	0.04441
1625	0.05432
1626	0.144
1627	0.2863
1628	0.1337
1629	0.03032
1630	0.05452
1631	0.05791
1632	0.1543
1633	0.03197
1634	0.113
1635	0.402
1636	0.3162
1637	0.1732
1638	0.2715
1639	0.1312
1640	0.06756
1641	0.06358
1642	0.04826
1643	0.3269
1644	0.1746
1645	0.06676
1646	0.1185
1647	0.1743
1648	0.2346
1649	0.07969
1650	0.171
1651	0.1337
1652	0.09282
1653	0.01827
1654	0.3471
1655	0.08546
1656	0.1147
1657	0.08991
1658	0.2863
1659	0.2192
1660	0.09526
1661	0.1316
1662	0.1723
1663	0.176
1664	0.2376
1665	0.1768
1666	0.08838
1667	0.2471
1668	0.05154
1669	0.1684
1670	0.08474
1671	0.04185
1672	0.0756
1673	0.02556
1674	0.03348
1675	0.01565
1676	0.06428
1677	0.05225
1678	0.05552
1679	0.03443
1680	0.05374
1681	0.04791
1682	0.1392
1683	0.2054
1684	0.0158
1685	0.121
1686	0.037
1687	0.08733
1688	0.06446
1689	0.09383
1690	0.3657
1691	0.3253
1692	0.06623
1693	0.01517
1694	0.1355
1695	0.1166
1696	0.06325
1697	0.1675
1698	0.1035
1699	0.02582
1700	0.02644
1701	0.2008
1702	0.1919
1703	0.1264
1704	0.2076
1705	0.2785
1706	0.09088
1707	0.2021
1708	0.3138
1709	0.2813
1710	0.175
1711	0.05214
1712	0.0964
1713	0.02599
1714	0.1044
1715	0.0732
1716	0.1022
1717	0.03735
1718	0.06441
1719	0.03135
1720	0.06686
1721	0.02219
1722	0.01278
1723	0.2463
1724	0.123
1725	0.1338
1726	0.01033
1727	0.06907
1728	0.05777
1729	0.2463
1730	0.1477
1731	0.1636
1732	0.05629
1733	0.08916
1734	0.003048
1735	0.02965
1736	0.08192
1737	0.09856
1738	0.04783
1739	0.03239
1740	0.007721
1741	0.01047
1742	0.02411
1743	0.03873
1744	0.0408
1745	0.02524
1746	0.04131
1747	0.129
1748	0.05902
1749	0.06759
1750	0.05517
1751	0.02997
1752	0.153
1753	0.2659
1754	0.5479
1755	0.5854
1756	0.4458
1757	0.3288
1758	0.4689
1759	0.422
1760	0.1374
1761	0.02988
1762	0.2597
1763	0.2834
1764	0.1079
1765	0.1086
1766	0.06746
1767	0.0376
1768	0.009228
1769	0.08354
1770	0.0679
1771	0.1026
1772	0.2041
1773	0.04871
1774	0.02557
1775	0.08267
1776	0.03007
1777	0.03732
1778	0.1944
1779	0.1754
1780	0.01589
1781	0.01033
1782	0.01304
1783	0.1235
1784	0.07037
1785	0.03622
1786	0.01993
1787	0.002365
1788	0.03138
1789	0.2578
1790	0.09935
1791	0.09261
1792	0.006547
1793	0.131
1794	0.09027
1795	0.07293
1796	0.1026
1797	0.04306
1798	0.02948
1799	0.01097
1800	7.866E-4
1801	8.25E-4
1802	0.1194
1803	0.08259
1804	0.1314
1805	0.1856
1806	0.03222
1807	0.09241
1808	0.03907
1809	0.1065
1810	0.03832
1811	0.01001
1812	0.2292
1813	0.02823
1814	0.1664
1815	0.05727
1816	0.2643
1817	0.2586
1818	0.3064
1819	0.1402
1820	0.1423
1821	0.09389
1822	0.0924
1823	0.05168
1824	0.05964
1825	0.08601
1826	0.05384
1827	0.1155
1828	0.1447
1829	0.1289
1830	0.06354
1831	0.001011
1832	0.09428
1833	0.08352
1834	0.0691
1835	0.03588
1836	0.2056
1837	0.1006
1838	0.1617
1839	0.1204
1840	0.2431
1841	0.02282
1842	0.01451
1843	0.03811
1844	0.06011
1845	0.1078
1846	0.00355
1847	0.005972
1848	0.009267
1849	0.01819
1850	0.03115
1851	0.0279
1852	0.02244
1853	0.325
1854	0.3717
1855	0.3668
1856	0.1931
1857	0.196
1858	0.13
1859	0.1697
1860	0.1076
1861	0.1187
1862	0.04321
1863	0.02715
1864	0.01776
1865	0.1797
1866	0.1084
1867	0.1233
1868	0.0532
1869	0.05761
1870	0.05296
1871	0.02612
1872	0.1267
1873	0.02555
1874	0.001624
1875	0.0389
1876	0.04711
1877	0.05094
1878	0.02876
1879	0.02022
1880	0.06944
1881	0.009392
1882	0.09549
1883	0.05159
1884	0.08098
1885	0.155
1886	0.1466
1887	0.238
1888	0.002261
1889	0.01423
1890	0.08071
1891	0.132
1892	0.2002
1893	0.2359
1894	0.3177
1895	0.2701
1896	0.2939
1897	0.05532
1898	0.03669
1899	0.1412
1900	0.2292
1901	0.3375
1902	0.3123
1903	0.265
1904	0.1635
1905	0.005982
1906	0.005257
1907	0.02745
1908	0.03012
1909	0.03491
1910	0.05222
1911	0.05268
1912	0.04634
1913	0.09845
1914	0.2093
1915	0.2775
1916	0.1423
1917	0.1165
1918	0.1831
1919	0.1358
1920	0.002863
1921	0.2721
1922	0.3383
1923	0.3334
1924	0.284
1925	0.06051
1926	0.008483
1927	0.03229
1928	0.2694
1929	0.09299
1930	0.02932
1931	0.05915
1932	0.1583
1933	0.1349
1934	0.1861
1935	0.2302
1936	0.1201
1937	0.1431
1938	0.1117
1939	0.1267
1940	0.1145
1941	0.00862
1942	0.03553
1943	0.1195
1944	0.2125
1945	0.08506
1946	0.06099
1947	0.06474
1948	0.08432
1949	0.06096
1950	0.0208
1951	0.06314
1952	0.1432
1953	0.156
1954	0.1296
1955	0.3114
1956	0.08369
1957	0.0802
1958	0.05159
1959	0.06592
1960	0.1029
1961	0.1316
1962	0.1992
1963	0.1509
1964	0.08255
1965	0.239
1966	0.1937
1967	0.008324
1968	0.003168
1969	0.08816
1970	0.08494
1971	0.2372
1972	0.2418
1973	0.142
1974	0.1531
1975	0.104
1976	0.1579
1977	0.2805
1978	0.1517
1979	0.08978
1980	0.04718
1981	0.02024
1982	0.05951
1983	0.1759
1984	0.08465
1985	0.1597
1986	0.1555
1987	0.08242
1988	0.04619
1989	0.1345
1990	0.1345
1991	0.3661
1992	0.04616
1993	0.05543
1994	0.1787
1995	0.1295
1996	0.06806
1997	0.1905
1998	0.01669
1999	0.0145
2000	0.02208
1001	81.26
1002	89.07
1003	97.51
1004	99.67
1005	96.67
1006	89.36
1007	90.72
1008	80.85
1009	80.07
1010	94.19
1011	99.06
1012	110.3
1013	98.02
1014	102.4
1015	99.11
1016	104.4
1017	110.2
1018	114.6
1019	103.8
1020	105.5
1021	111.0
1022	115.0
1023	108.9
1024	109.9
1025	109.5
1026	106.9
1027	112.4
1028	104.7
1029	100.1
1030	96.38
1031	102.5
1032	105.0
1033	99.7
1034	96.79
1035	94.14
1036	87.36
1037	87.13
1038	95.52
1039	89.47
1040	94.33
1041	96.79
1042	100.3
1043	96.43
1044	102.8
1045	107.4
1046	109.1
1047	113.3
1048	126.9
1049	117.2
1050	120.1
1051	122.3
1052	123.3
1053	117.8
1054	117.9
1055	125.5
1056	125.6
1057	118.4
1058	118.8
1059	125.4
1060	123.0
1061	120.6
1062	111.5
1063	113.2
1064	120.6
1065	117.1
1066	117.9
1067	117.8
1068	120.0
1069	125.3
1070	117.4
1071	119.1
1072	117.3
1073	123.5
1074	123.3
1075	117.1
1076	116.9
1077	109.3
1078	107.0
1079	105.1
1080	117.0
1081	116.2
1082	117.2
1083	113.9
1084	118.9
1085	115.1
1086	115.0
1087	126.3
1088	123.0
1089	123.1
1090	121.1
1091	122.9
1092	118.6
1093	116.3
1094	112.2
1095	112.9
1096	112.4
1097	113.3
1098	121.9
1099	117.0
1100	116.5
1101	125.3
1102	128.7
1103	129.6
1104	119.2
1105	114.1
1106	116.0
1107	119.6
1108	123.3
1109	121.4
1110	116.9
1111	111.3
1112	113.7
1113	117.3
1114	115.9
1115	117.1
1116	121.2
1117	116.6
1118	118.0
1119	116.2
1120	112.3
1121	110.2
1122	106.3
1123	104.8
1124	103.5
1125	105.0
1126	107.0
1127	103.5
1128	106.1
1129	116.2
1130	115.2
1131	119.9
1132	108.2
1133	110.0
1134	102.4
1135	102.1
1136	111.1
1137	117.3
1138	115.2
1139	117.6
1140	116.8
1141	121.5
1142	120.3
1143	119.9
1144	114.1
1145	115.1
1146	119.6
1147	115.4
1148	115.0
1149	124.6
1150	122.1
1151	119.3
1152	123.4
1153	119.2
1154	118.9
1155	119.6
1156	124.8
1157	131.6
1158	128.1
1159	121.5
1160	117.8
1161	112.6
1162	114.2
1163	110.9
1164	112.8
1165	121.1
1166	113.9
1167	119.6
1168	112.7
1169	110.7
1170	115.6
1171	122.0
1172	129.5
1173	120.1
1174	115.8
1175	117.4
1176	110.3
1177	115.5
1178	118.2
1179	117.1
1180	120.9
1181	111.3
1182	114.4
1183	114.9
1184	116.5
1185	111.2
1186	109.2
1187	106.0
1188	104.1
1189	106.4
1190	104.1
1191	104.4
1192	113.1
1193	112.9
1194	107.3
1195	109.4
1196	108.4
1197	120.4
1198	116.6
1199	118.2
1200	125.7
1201	125.5
1202	113.1
1203	111.0
1204	123.0
1205	125.5
1206	118.7
1207	121.3
1208	116.5
1209	118.4
1210	115.1
1211	115.6
1212	115.4
1213	109.9
1214	109.6
1215	112.8
1216	113.2
1217	116.5
1218	127.0
1219	120.4
1220	118.5
1221	120.4
1222	123.5
1223	119.1
1224	113.3
1225	114.2
1226	114.5
1227	109.4
1228	109.8
1229	106.9
1230	109.7
1231	105.2
1232	108.4
1233	105.8
1234	107.9
1235	112.0
1236	106.5
1237	106.5
1238	102.9
1239	113.1
1240	111.6
1241	113.1
1242	116.2
1243	118.4
1244	109.7
1245	106.2
1246	114.2
1247	113.4
1248	120.5
1249	113.7
1250	111.2
1251	103.8
1252	114.2
1253	107.1
1254	111.2
1255	110.9
1256	112.0
1257	115.5
1258	115.4
1259	117.8
1260	116.4
1261	117.5
1262	126.0
1263	118.8
1264	112.9
1265	105.6
1266	110.7
1267	118.1
1268	115.6
1269	111.8
1270	115.6
1271	114.2
1272	119.3
1273	120.8
1274	110.3
1275	112.3
1276	119.4
1277	118.6
1278	122.5
1279	113.9
1280	115.0
1281	115.9
1282	119.8
1283	114.2
1284	115.9
1285	113.8
1286	117.6
1287	113.5
1288	114.6
1289	120.5
1290	119.3
1291	121.0
1292	120.9
1293	120.2
1294	116.9
1295	105.3
1296	110.8
1297	121.4
1298	119.6
1299	113.2
1300	113.0
1301	118.9
1302	105.7
1303	107.9
1304	110.1
1305	104.4
1306	110.4
1307	102.2
1308	103.2
1309	105.0
1310	103.6
1311	107.5
1312	105.6
1313	100.9
1314	107.7
1315	102.1
1316	102.3
1317	102.5
1318	101.5
1319	99.75
1320	103.7
1321	108.1
1322	111.9
1323	114.9
1324	125.8
1325	122.3
1326	111.8
1327	120.1
1328	122.3
1329	119.0
1330	121.2
1331	123.1
1332	126.0
1333	125.6
1334	125.3
1335	115.6
1336	118.4
1337	118.8
1338	115.2
1339	124.3
1340	117.8
1341	121.4
1342	123.6
1343	119.0
1344	117.3
1345	115.4
1346	108.7
1347	111.1
1348	117.1
1349	111.5
1350	114.8
1351	113.1
1352	107.6
1353	113.7
1354	122.0
1355	118.2
1356	119.0
1357	118.0
1358	116.6
1359	113.3
1360	115.5
1361	116.3
1362	122.5
1363	113.6
1364	105.6
1365	111.5
1366	109.3
1367	101.3
1368	100.0
1369	116.7
1370	119.0
1371	121.8
1372	124.4
1373	113.6
1374	115.5
1375	118.0
1376	115.7
1377	120.8
1378	124.6
1379	124.5
1380	120.9
1381	120.5
1382	120.2
1383	120.0
1384	122.0
1385	123.5
1386	115.4
1387	112.9
1388	112.8
1389	119.1
1390	115.3
1391	118.2
1392	121.8
1393	124.7
1394	121.5
1395	119.9
1396	117.5
1397	115.6
1398	115.4
1399	121.2
1400	116.5
1401	126.4
1402	121.9
1403	120.0
1404	121.6
1405	119.5
1406	115.2
1407	108.3
1408	103.6
1409	111.4
1410	115.9
1411	115.8
1412	121.6
1413	121.7
1414	120.9
1415	114.3
1416	119.4
1417	112.1
1418	110.3
1419	107.8
1420	104.7
1421	130.4
1422	124.6
1423	128.7
1424	126.5
1425	127.0
1426	125.2
1427	124.5
1428	121.7
1429	116.7
1430	121.2
1431	123.6
1432	119.1
1433	117.0
1434	121.8
1435	121.5
1436	116.5
1437	112.9
1438	108.2
1439	117.3
1440	114.5
1441	117.1
1442	113.4
1443	118.1
1444	115.7
1445	111.2
1446	114.7
1447	105.9
1448	105.1
1449	100.1
1450	103.6
1451	105.7
1452	98.15
1453	102.0
1454	104.0
1455	101.5
1456	104.2
1457	107.1
1458	108.8
1459	99.2
1460	107.1
1461	105.1
1462	102.5
1463	100.5
1464	99.91
1465	106.2
1466	108.2
1467	108.1
1468	112.9
1469	109.5
1470	112.6
1471	112.1
1472	111.0
1473	115.6
1474	113.4
1475	115.9
1476	119.1
1477	109.6
1478	110.0
1479	112.6
1480	118.6
1481	114.7
1482	112.7
1483	104.3
1484	113.4
1485	109.8
1486	114.5
1487	115.0
1488	110.2
1489	106.6
1490	113.6
1491	107.6
1492	111.5
1493	110.7
1494	114.8
1495	108.0
1496	113.5
1497	111.8
1498	104.1
1499	102.1
1500	106.4
1501	111.7
1502	111.3
1503	116.3
1504	107.5
1505	106.9
1506	108.4
1507	112.5
1508	102.3
1509	109.5
1510	110.4
1511	114.2
1512	118.4
1513	112.0
1514	118.1
1515	113.9
1516	105.0
1517	105.0
1518	118.7
1519	119.1
1520	114.4
1521	122.1
1522	115.3
1523	110.5
1524	109.2
1525	115.3
1526	111.7
1527	107.0
1528	119.9
1529	116.6
1530	119.3
1531	110.4
1532	112.6
1533	105.6
1534	107.5
1535	118.0
1536	113.5
1537	103.3
1538	111.2
1539	110.9
1540	110.1
1541	114.9
1542	121.4
1543	127.0
1544	130.5
1545	123.6
1546	122.0
1547	123.6
1548	119.4
1549	117.1
1550	117.1
1551	124.2
1552	122.7
1553	114.3
1554	116.8
1555	118.6
1556	119.2
1557	112.5
1558	118.6
1559	124.1
1560	115.4
1561	115.5
1562	110.8
1563	108.3
1564	113.2
1565	114.2
1566	118.1
1567	113.0
1568	113.3
1569	109.8
1570	112.0
1571	112.1
1572	112.9
1573	112.3
1574	109.0
1575	104.6
1576	110.2
1577	115.6
1578	120.9
1579	119.2
1580	128.6
1581	126.4
1582	114.9
1583	116.9
1584	111.9
1585	115.9
1586	125.6
1587	117.7
1588	127.6
1589	122.7
1590	116.3
1591	109.7
1592	110.3
1593	109.8
1594	110.5
1595	107.5
1596	101.7
1597	99.78
1598	103.7
1599	104.2
1600	99.92
1601	94.16
1602	92.12
1603	92.79
1604	87.51
1605	86.59
1606	78.32
1607	99.87
1608	98.92
1609	108.1
1610	109.2
1611	102.1
1612	99.9
1613	99.65
1614	105.1
1615	114.3
1616	113.6
1617	113.9
1618	114.9
1619	112.6
1620	115.1
1621	111.4
1622	109.3
1623	116.7
1624	118.0
1625	119.9
1626	107.9
1627	112.1
1628	104.1
1629	109.4
1630	104.0
1631	116.6
1632	114.4
1633	113.6
1634	115.7
1635	120.2
1636	111.8
1637	110.8
1638	119.4
1639	115.7
1640	115.5
1641	114.3
1642	119.0
1643	112.1
1644	109.0
1645	113.0
1646	116.4
1647	119.3
1648	123.1
1649	113.5
1650	113.3
1651	119.1
1652	129.4
1653	121.4
1654	126.2
1655	122.3
1656	121.6
1657	122.1
1658	126.4
1659	116.1
1660	123.8
1661	111.2
1662	114.8
1663	101.4
1664	97.42
1665	91.62
1666	94.94
1667	103.1
1668	97.4
1669	112.9
1670	106.0
1671	97.78
1672	92.61
1673	99.36
1674	105.1
1675	101.6
1676	104.2
1677	89.54
1678	83.79
1679	97.41
1680	94.49
1681	94.37
1682	92.97
1683	94.91
1684	90.09
1685	97.8
1686	97.1
1687	103.2
1688	104.5
1689	98.85
1690	112.5
1691	107.7
1692	104.6
1693	104.7
1694	104.1
1695	105.3
1696	106.8
1697	111.3
1698	111.5
1699	102.5
1700	104.6
1701	118.5
1702	114.2
1703	111.7
1704	108.4
1705	117.2
1706	114.7
1707	116.9
1708	122.7
1709	122.6
1710	121.8
1711	114.8
1712	117.8
1713	116.1
1714	116.2
1715	118.7
1716	122.3
1717	120.5
1718	115.7
1719	119.4
1720	119.0
1721	117.5
1722	120.8
1723	121.7
1724	120.2
1725	110.5
1726	111.4
1727	115.5
1728	111.7
1729	123.0
1730	122.7
1731	114.4
1732	113.6
1733	110.8
1734	123.5
1735	117.0
1736	120.1
1737	122.4
1738	112.8
1739	108.6
1740	99.1
1741	104.7
1742	106.0
1743	110.2
1744	106.3
1745	102.0
1746	112.5
1747	109.6
1748	112.2
1749	111.5
1750	106.6
1751	104.5
1752	107.2
1753	104.2
1754	113.3
1755	116.8
1756	108.5
1757	116.8
1758	112.2
1759	101.9
1760	104.6
1761	101.9
1762	100.6
1763	111.0
1764	108.0
1765	108.6
1766	105.0
1767	109.2
1768	114.0
1769	111.1
1770	109.9
1771	113.0
1772	111.5
1773	117.8
1774	116.1
1775	119.3
1776	114.9
1777	119.8
1778	116.6
1779	113.0
1780	111.7
1781	104.1
1782	107.4
1783	116.5
1784	112.3
1785	115.1
1786	109.2
1787	105.7
1788	112.7
1789	110.1
1790	102.7
1791	99.81
1792	99.98
1793	98.08
1794	81.82
1795	89.75
1796	101.3
1797	107.0
1798	118.7
1799	114.0
1800	121.1
1801	114.0
1802	110.3
1803	111.2
1804	108.4
1805	111.8
1806	110.1
1807	122.2
1808	109.8
1809	111.0
1810	117.4
1811	112.6
1812	111.6
1813	112.1
1814	109.3
1815	112.6
1816	124.6
1817	121.0
1818	118.6
1819	112.4
1820	115.9
1821	102.6
1822	114.2
1823	117.0
1824	110.6
1825	114.4
1826	108.5
1827	113.2
1828	113.6
1829	116.5
1830	112.2
1831	110.2
1832	107.9
1833	99.16
1834	101.8
1835	109.4
1836	102.3
1837	111.6
1838	101.1
1839	107.0
1840	108.3
1841	100.7
1842	105.0
1843	103.6
1844	98.7
1845	104.5
1846	109.3
1847	107.7
1848	104.0
1849	98.19
1850	99.82
1851	101.9
1852	99.99
1853	104.8
1854	113.1
1855	109.7
1856	106.6
1857	103.4
1858	101.9
1859	100.7
1860	105.0
1861	105.2
1862	104.4
1863	101.3
1864	105.0
1865	118.2
1866	113.5
1867	111.9
1868	102.2
1869	115.4
1870	111.8
1871	110.4
1872	108.7
1873	112.3
1874	104.3
1875	116.2
1876	113.3
1877	121.1
1878	120.0
1879	116.6
1880	116.5
1881	114.8
1882	121.0
1883	110.6
1884	115.3
1885	117.8
1886	114.0
1887	118.9
1888	130.4
1889	122.9
1890	113.9
1891	117.9
1892	119.0
1893	124.1
1894	124.3
1895	117.5
1896	121.3
1897	120.1
1898	114.8
1899	117.8
1900	118.9
1901	121.7
1902	122.7
1903	124.0
1904	114.7
1905	115.9
1906	118.7
1907	118.0
1908	120.6
1909	117.4
1910	113.6
1911	112.1
1912	111.4
1913	113.3
1914	117.8
1915	109.3
1916	113.7
1917	101.5
1918	100.3
1919	104.3
1920	100.9
1921	112.2
1922	116.4
1923	110.7
1924	118.8
1925	117.8
1926	108.5
1927	118.4
1928	122.5
1929	116.9
1930	110.9
1931	117.9
1932	119.0
1933	114.5
1934	115.5
1935	123.3
1936	118.9
1937	120.6
1938	107.6
1939	111.7
1940	117.8
1941	118.4
1942	116.3
1943	116.9
1944	123.3
1945	121.1
1946	120.6
1947	122.9
1948	116.0
1949	119.2
1950	115.8
1951	118.5
1952	124.7
1953	123.8
1954	123.1
1955	127.9
1956	129.3
1957	116.4
1958	117.0
1959	117.4
1960	118.7
1961	121.3
1962	121.1
1963	120.3
1964	117.4
1965	114.1
1966	115.1
1967	105.8
1968	102.8
1969	102.7
1970	104.7
1971	109.7
1972	113.4
1973	123.0
1974	120.9
1975	122.8
1976	118.5
1977	119.9
1978	116.5
1979	117.4
1980	118.8
1981	116.9
1982	116.7
1983	115.1
1984	107.9
1985	113.7
1986	116.4
1987	114.9
1988	112.4
1989	113.0
1990	127.1
1991	131.9
1992	119.2
1993	124.5
1994	119.9
1995	112.2
1996	118.8
1997	121.9
1998	114.3
1999	116.9
2000	109.2
1001	0.02604
1002	0.03134
1003	0.01229
1004	0.02494
1005	0.008249
1006	0.01019
1007	0.02813
1008	0.03689
1009	0.0264
1010	0.009849
1011	0.02202
1012	0.01623
1013	0.01345
1014	0.005616
1015	0.008306
1016	0.003851
1017	0.005544
1018	0.007714
1019	0.02127
1020	0.008739
1021	0.006171
1022	0.00764
1023	0.01715
1024	0.01402
1025	0.004209
1026	0.004375
1027	0.003626
1028	0.007534
1029	0.007511
1030	0.01109
1031	0.01323
1032	0.005
1033	0.006117
1034	0.005686
1035	0.008541
1036	0.01295
1037	0.01345
1038	0.02485
1039	0.01719
1040	0.01577
1041	0.009023
1042	0.01076
1043	0.01234
1044	0.008479
1045	0.0166
1046	0.005964
1047	0.004059
1048	0.003398
1049	0.001758
1050	9.657E-4
1051	0.001188
1052	0.0013
1053	0.003084
1054	0.005892
1055	0.002694
1056	0.003021
1057	0.002471
1058	0.001952
1059	0.00186
1060	0.001337
1061	0.001083
1062	0.004511
1063	0.008094
1064	0.009741
1065	0.003139
1066	0.001919
1067	0.002402
1068	0.002635
1069	0.001213
1070	0.001548
1071	0.002489
1072	0.001954
1073	0.003186
1074	0.001775
1075	0.002508
1076	0.003974
1077	0.003774
1078	0.004071
1079	0.004243
1080	0.00188
1081	0.002811
1082	0.00217
1083	0.002522
1084	0.004385
1085	0.003147
1086	0.002907
1087	0.001028
1088	0.002268
1089	0.001212
1090	0.001783
1091	0.001685
1092	0.002178
1093	0.003605
1094	0.003113
1095	0.004533
1096	0.003869
1097	0.004173
1098	0.004147
1099	0.00244
1100	0.002165
1101	8.629E-4
1102	6.865E-4
1103	0.001595
1104	0.003765
1105	0.003883
1106	0.003901
1107	0.001505
1108	0.003114
1109	0.004571
1110	0.002268
1111	0.002629
1112	0.002788
1113	0.003281
1114	0.003169
1115	0.003008
1116	0.002515
1117	0.002771
1118	0.001428
1119	0.003563
1120	0.009665
1121	0.003984
1122	0.003797
1123	0.004324
1124	0.01119
1125	0.01365
1126	0.01089
1127	0.006825
1128	0.00485
1129	0.005935
1130	0.001845
1131	0.005781
1132	0.004807
1133	0.01054
1134	0.005857
1135	0.006542
1136	0.005877
1137	0.003755
1138	0.002803
1139	0.002324
1140	0.002169
1141	0.001322
1142	0.002366
1143	0.002461
1144	0.001983
1145	0.002247
1146	0.004193
1147	0.002305
1148	0.003445
1149	0.00207
1150	0.003157
1151	0.00137
1152	0.002285
1153	0.002105
1154	0.002404
1155	0.003795
1156	0.003295
1157	0.00391
1158	0.003755
1159	0.004143
1160	0.002033
1161	0.002897
1162	0.00451
1163	0.003982
1164	0.004923
1165	0.00211
1166	0.002316
1167	0.004525
1168	0.003031
1169	0.003489
1170	0.00439
1171	0.004895
1172	0.001102
1173	0.00376
1174	0.004857
1175	0.005229
1176	0.004677
1177	0.002669
1178	0.002565
1179	0.0045
1180	0.004988
1181	0.00413
1182	0.003173
1183	0.002374
1184	0.003411
1185	0.003236
1186	0.005719
1187	0.004515
1188	0.005827
1189	0.00624
1190	0.007453
1191	0.007006
1192	0.009847
1193	0.003189
1194	0.005309
1195	0.00472
1196	0.004294
1197	0.003786
1198	0.002595
1199	0.001423
1200	0.001051
1201	0.001986
1202	0.005079
1203	0.00334
1204	0.003032
1205	0.00342
1206	0.003131
1207	0.003038
1208	0.002635
1209	0.002777
1210	0.001641
1211	0.001875
1212	0.003353
1213	0.005077
1214	0.004181
1215	0.006508
1216	0.002237
1217	0.002501
1218	0.001734
1219	0.01022
1220	0.007768
1221	0.002768
1222	0.00151
1223	0.001457
1224	0.003331
1225	0.005637
1226	0.00427
1227	0.004222
1228	0.004426
1229	0.004691
1230	0.005486
1231	0.004604
1232	0.002721
1233	0.005894
1234	0.007031
1235	0.003232
1236	0.005748
1237	0.006287
1238	0.005425
1239	0.005217
1240	0.004012
1241	0.002043
1242	0.00247
1243	0.001128
1244	0.004089
1245	0.005005
1246	0.003322
1247	0.002496
1248	0.002247
1249	0.002735
1250	0.002562
1251	0.005336
1252	0.005327
1253	0.005438
1254	0.003857
1255	0.006635
1256	0.008036
1257	0.01061
1258	0.002161
1259	0.002132
1260	0.003808
1261	0.00191
1262	0.003028
1263	0.001626
1264	0.00271
1265	0.007825
1266	0.005112
1267	0.00523
1268	0.00369
1269	0.003112
1270	0.002093
1271	0.002503
1272	0.005286
1273	0.002333
1274	0.003801
1275	0.002328
1276	0.002547
1277	0.00194
1278	0.002607
1279	0.003863
1280	0.002344
1281	0.002083
1282	0.002432
1283	0.003174
1284	0.002484
1285	0.003144
1286	0.006047
1287	0.005511
1288	0.004767
1289	0.005635
1290	0.006432
1291	0.001161
1292	0.001865
1293	0.002484
1294	0.002691
1295	0.00271
1296	0.003761
1297	0.01151
1298	0.002593
1299	0.003917
1300	0.003723
1301	0.002528
1302	0.003652
1303	0.003071
1304	0.005025
1305	0.004298
1306	0.005673
1307	0.00711
1308	0.005872
1309	0.006915
1310	0.004239
1311	0.002557
1312	0.01356
1313	0.01344
1314	0.006844
1315	0.005233
1316	0.004424
1317	0.006816
1318	0.007765
1319	0.005518
1320	0.01515
1321	0.01268
1322	0.003232
1323	0.004205
1324	0.003721
1325	0.004128
1326	0.003795
1327	0.001075
1328	0.001117
1329	0.002917
1330	0.002785
1331	0.001074
1332	0.001142
1333	0.001099
1334	0.004177
1335	0.004342
1336	0.004217
1337	0.003217
1338	0.002066
1339	0.002175
1340	0.002271
1341	0.002478
1342	0.001598
1343	0.00213
1344	0.003335
1345	0.005086
1346	0.003763
1347	0.003457
1348	0.002609
1349	0.00475
1350	0.003927
1351	0.001767
1352	0.003912
1353	0.003114
1354	0.002157
1355	0.002618
1356	0.002261
1357	0.002598
1358	0.003192
1359	0.002235
1360	0.003312
1361	0.001905
1362	0.002444
1363	0.003201
1364	0.003659
1365	0.003515
1366	0.00649
1367	0.00672
1368	0.007341
1369	0.003434
1370	0.003706
1371	0.001845
1372	0.001201
1373	0.002272
1374	0.002432
1375	0.002207
1376	0.002188
1377	0.002509
1378	0.003231
1379	0.001348
1380	0.001524
1381	0.001732
1382	0.001758
1383	0.002499
1384	0.001287
1385	0.002637
1386	0.002802
1387	0.003223
1388	0.003374
1389	0.002611
1390	0.001958
1391	0.002421
1392	0.00287
1393	0.001034
1394	0.002138
1395	0.00346
1396	0.003897
1397	0.003242
1398	0.002814
1399	0.003295
1400	0.002971
1401	0.003791
1402	0.001732
1403	0.00224
1404	0.002634
1405	0.0025
1406	0.002267
1407	0.005356
1408	0.006769
1409	0.003562
1410	0.002896
1411	0.002755
1412	0.00145
1413	0.001867
1414	0.001654
1415	0.002345
1416	0.001361
1417	0.003901
1418	0.004871
1419	0.005877
1420	0.005569
1421	0.008067
1422	0.001126
1423	0.002188
1424	0.001955
1425	7.049E-4
1426	0.001066
1427	0.001297
1428	0.001844
1429	0.002469
1430	0.002569
1431	0.001112
1432	0.001142
1433	0.002228
1434	0.002046
1435	0.001869
1436	0.001903
1437	0.003039
1438	0.003753
1439	0.003381
1440	0.003685
1441	0.001569
1442	0.003335
1443	0.001275
1444	0.00677
1445	0.00668
1446	0.007071
1447	0.003518
1448	0.004097
1449	0.01012
1450	0.01395
1451	0.0188
1452	0.01043
1453	0.009595
1454	0.008941
1455	0.006328
1456	0.005674
1457	0.006313
1458	0.005652
1459	0.006647
1460	0.009438
1461	0.01022
1462	0.007688
1463	0.0115
1464	0.009983
1465	0.01152
1466	0.006344
1467	0.005472
1468	0.003164
1469	0.004119
1470	0.003365
1471	0.003124
1472	0.005184
1473	0.003814
1474	0.004718
1475	0.003597
1476	0.00263
1477	0.005888
1478	0.006335
1479	0.003168
1480	0.003967
1481	0.004899
1482	0.006112
1483	0.005641
1484	0.005343
1485	0.00507
1486	0.003525
1487	0.005512
1488	0.005558
1489	0.005437
1490	0.005187
1491	0.004443
1492	0.002901
1493	0.003839
1494	0.002104
1495	0.002604
1496	0.003361
1497	0.001529
1498	0.006601
1499	0.0056
1500	0.006433
1501	0.005053
1502	0.004887
1503	0.004761
1504	0.005354
1505	0.005019
1506	0.005361
1507	0.004225
1508	0.00644
1509	0.003755
1510	0.002391
1511	0.002087
1512	0.003339
1513	0.002531
1514	0.00175
1515	0.004163
1516	0.007177
1517	0.00738
1518	0.003101
1519	0.004636
1520	0.002676
1521	0.002476
1522	0.00288
1523	0.002561
1524	0.003694
1525	0.003465
1526	0.003603
1527	0.003905
1528	0.006458
1529	0.005236
1530	0.002716
1531	0.00354
1532	0.003324
1533	0.004987
1534	0.004905
1535	0.006918
1536	0.005286
1537	0.005529
1538	0.006453
1539	0.005612
1540	0.003841
1541	0.009242
1542	0.002069
1543	9.428E-4
1544	6.78E-4
1545	0.001957
1546	0.001475
1547	0.001231
1548	0.001669
1549	0.002426
1550	0.002679
1551	0.001553
1552	0.00285
1553	0.003868
1554	0.002197
1555	0.002376
1556	0.004929
1557	0.004305
1558	0.001493
1559	0.003159
1560	0.003685
1561	0.005061
1562	0.004971
1563	0.004076
1564	0.003164
1565	0.002286
1566	0.005887
1567	0.008354
1568	0.008136
1569	0.006743
1570	0.006854
1571	0.008621
1572	0.005118
1573	0.008521
1574	0.005723
1575	0.005808
1576	0.004095
1577	0.007333
1578	0.006658
1579	0.003634
1580	9.712E-4
1581	0.001711
1582	0.002096
1583	0.003896
1584	0.005875
1585	0.003129
1586	0.001817
1587	0.002908
1588	0.001797
1589	0.003222
1590	0.001962
1591	0.004654
1592	0.005521
1593	0.005327
1594	0.00598
1595	0.009554
1596	0.006981
1597	0.005737
1598	0.006141
1599	0.005517
1600	0.006675
1601	0.008622
1602	0.00921
1603	0.02342
1604	0.03553
1605	0.03788
1606	0.03542
1607	0.04174
1608	0.01147
1609	0.004307
1610	0.003164
1611	0.00679
1612	0.006586
1613	0.008071
1614	0.008011
1615	0.005807
1616	0.003331
1617	0.001987
1618	0.002066
1619	0.002308
1620	0.002375
1621	0.00393
1622	0.002485
1623	0.002826
1624	0.003422
1625	0.001465
1626	0.004043
1627	0.001866
1628	0.006525
1629	0.007991
1630	0.008282
1631	0.007614
1632	0.004508
1633	0.002394
1634	0.002292
1635	0.001112
1636	0.00369
1637	0.004826
1638	0.004849
1639	0.004206
1640	0.002166
1641	0.006778
1642	0.002051
1643	0.002753
1644	0.0039
1645	0.002291
1646	0.002495
1647	0.004527
1648	0.006673
1649	0.004229
1650	0.004138
1651	0.002827
1652	0.003139
1653	0.001355
1654	0.001404
1655	0.001363
1656	0.003825
1657	0.002649
1658	0.001717
1659	0.002397
1660	0.005246
1661	0.004776
1662	0.002616
1663	0.004232
1664	0.006634
1665	0.01089
1666	0.009117
1667	0.0112
1668	0.01262
1669	0.01717
1670	0.01735
1671	0.01435
1672	0.01887
1673	0.01872
1674	0.0152
1675	0.009489
1676	0.0104
1677	0.01465
1678	0.0253
1679	0.02183
1680	0.01921
1681	0.01863
1682	0.01661
1683	0.01775
1684	0.02367
1685	0.02233
1686	0.006092
1687	0.00492
1688	0.006084
1689	0.00547
1690	0.001838
1691	0.006074
1692	0.00643
1693	0.006734
1694	0.007719
1695	0.01054
1696	0.009452
1697	0.003131
1698	0.003541
1699	0.00644
1700	0.004022
1701	0.005471
1702	0.004269
1703	0.004857
1704	0.004811
1705	0.002185
1706	0.001587
1707	0.001291
1708	0.001097
1709	0.002321
1710	0.003083
1711	0.001987
1712	0.002301
1713	0.002814
1714	0.003049
1715	0.002825
1716	0.003337
1717	0.002067
1718	0.003086
1719	0.002616
1720	0.002267
1721	0.002784
1722	0.001585
1723	0.002308
1724	0.004507
1725	0.002651
1726	0.006059
1727	0.004169
1728	0.003889
1729	0.001183
1730	0.001106
1731	0.005855
1732	0.003186
1733	0.00353
1734	0.003331
1735	0.00291
1736	0.003492
1737	0.003606
1738	0.003013
1739	0.003368
1740	0.005316
1741	0.00463
1742	0.003841
1743	0.006985
1744	0.003902
1745	0.005258
1746	0.005195
1747	0.002596
1748	0.004604
1749	0.002995
1750	0.005468
1751	0.004371
1752	0.004148
1753	0.003467
1754	0.001375
1755	0.001454
1756	0.004146
1757	0.003101
1758	0.004608
1759	0.004433
1760	0.02887
1761	0.00814
1762	0.008838
1763	0.004056
1764	0.007158
1765	0.004906
1766	0.005716
1767	0.008908
1768	0.01002
1769	0.008386
1770	0.006954
1771	0.00714
1772	0.00287
1773	0.002947
1774	0.003385
1775	0.00231
1776	0.002555
1777	0.001006
1778	0.002259
1779	0.002814
1780	0.002803
1781	0.005498
1782	0.007101
1783	0.006467
1784	0.005682
1785	0.007888
1786	0.007421
1787	0.007456
1788	0.00591
1789	0.006891
1790	0.007513
1791	0.01735
1792	0.02171
1793	0.02272
1794	0.01632
1795	0.01321
1796	0.01347
1797	0.0113
1798	0.00525
1799	0.005234
1800	0.004193
1801	0.004998
1802	0.005144
1803	0.003477
1804	0.002658
1805	0.002671
1806	0.004118
1807	0.004303
1808	0.00438
1809	0.005298
1810	0.002082
1811	0.002129
1812	0.006144
1813	0.004353
1814	0.005232
1815	0.00405
1816	0.001036
1817	0.004609
1818	0.003854
1819	0.003659
1820	0.004473
1821	0.00815
1822	0.007731
1823	0.004485
1824	0.002993
1825	0.001751
1826	0.004289
1827	0.002825
1828	0.002936
1829	0.006162
1830	0.006486
1831	0.009524
1832	0.005024
1833	0.01165
1834	0.01345
1835	0.01215
1836	0.0147
1837	0.009499
1838	0.00647
1839	0.004911
1840	0.01063
1841	0.01592
1842	0.006398
1843	0.01228
1844	0.01047
1845	0.005327
1846	0.01276
1847	0.009335
1848	0.007278
1849	0.004914
1850	0.02693
1851	0.01026
1852	0.004742
1853	0.005809
1854	0.004611
1855	0.005715
1856	0.006721
1857	0.007416
1858	0.00821
1859	0.006576
1860	0.003544
1861	0.005595
1862	0.006684
1863	0.007416
1864	0.009218
1865	0.005661
1866	0.007731
1867	0.00803
1868	0.006281
1869	0.006009
1870	0.006737
1871	0.006012
1872	0.006291
1873	0.00632
1874	0.006245
1875	0.007729
1876	0.002317
1877	0.002705
1878	0.002443
1879	0.002494
1880	0.002565
1881	0.002801
1882	0.002296
1883	0.003409
1884	0.003163
1885	0.003363
1886	0.00336
1887	0.002431
1888	0.002218
1889	0.002764
1890	0.001742
1891	0.002061
1892	0.003323
1893	0.003257
1894	0.003547
1895	0.002695
1896	0.001787
1897	0.003779
1898	0.002784
1899	0.001925
1900	0.001069
1901	0.001045
1902	0.001612
1903	0.001233
1904	0.002025
1905	0.002844
1906	0.004096
1907	0.003642
1908	0.003386
1909	0.006183
1910	0.006246
1911	0.003753
1912	0.002723
1913	0.002104
1914	0.001106
1915	0.002742
1916	0.0175
1917	0.0159
1918	0.01149
1919	0.01136
1920	0.008316
1921	0.004599
1922	0.005117
1923	0.003248
1924	0.002862
1925	0.00561
1926	0.005048
1927	0.003143
1928	0.003849
1929	0.005415
1930	0.004106
1931	0.004595
1932	0.004182
1933	0.002484
1934	0.001312
1935	0.001307
1936	0.002675
1937	0.003697
1938	0.003553
1939	0.004771
1940	0.003851
1941	0.003726
1942	0.002125
1943	0.001552
1944	0.001381
1945	0.002196
1946	0.001289
1947	0.002929
1948	0.002861
1949	0.002282
1950	0.003654
1951	0.001954
1952	0.001739
1953	0.002396
1954	0.00112
1955	5.094E-4
1956	6.925E-4
1957	0.004875
1958	0.005197
1959	0.003832
1960	0.00335
1961	0.003426
1962	8.396E-4
1963	0.001187
1964	0.001464
1965	0.002385
1966	0.001796
1967	0.008444
1968	0.006252
1969	0.007049
1970	0.005077
1971	0.006136
1972	0.005605
1973	0.006408
1974	0.003695
1975	0.001658
1976	0.00186
1977	0.002216
1978	0.002546
1979	0.002448
1980	0.003233
1981	0.003047
1982	0.002092
1983	0.004585
1984	0.00386
1985	0.004774
1986	0.004053
1987	0.006854
1988	0.004703
1989	0.006172
1990	0.001331
1991	0.001733
1992	0.002545
1993	0.002981
1994	0.002267
1995	0.003466
1996	0.002175
1997	0.00263
1998	0.002827
1999	0.003416
2000	0.004025
1001	0.8219
1002	0.803
1003	0.7138
1004	0.6206
1005	0.5671
1006	0.5618
1007	0.5928
1008	0.5726
1009	0.5858
1010	0.5299
1011	0.64
1012	0.7143
1013	0.7082
1014	0.636
1015	0.6093
1016	0.5822
1017	0.7126
1018	0.7842
1019	0.6922
1020	0.7227
1021	0.8767
1022	0.7707
1023	0.8747
1024	0.8799
1025	0.8649
1026	0.8985
1027	0.7712
1028	0.7922
1029	0.7942
1030	0.8169
1031	0.8697
1032	0.8172
1033	0.7452
1034	0.7389
1035	0.7908
1036	0.7867
1037	0.7891
1038	0.8477
1039	0.8218
1040	0.8336
1041	0.8588
1042	0.8929
1043	0.9463
1044	0.983
1045	0.9826
1046	0.9918
1047	0.9731
1048	0.9847
1049	0.9965
1050	0.9882
1051	0.9867
1052	0.9989
1053	0.9807
1054	0.9838
1055	0.9843
1056	0.9754
1057	0.9286
1058	0.8685
1059	0.8741
1060	0.8962
1061	0.912
1062	0.9501
1063	0.9175
1064	0.9557
1065	0.9456
1066	0.986
1067	0.9657
1068	0.9256
1069	0.9121
1070	0.8695
1071	0.8838
1072	0.828
1073	0.8335
1074	0.8461
1075	0.7656
1076	0.7146
1077	0.602
1078	0.4576
1079	0.5372
1080	0.5284
1081	0.5473
1082	0.6384
1083	0.7483
1084	0.7515
1085	0.8471
1086	0.735
1087	0.7367
1088	0.7382
1089	0.5614
1090	0.5591
1091	0.5754
1092	0.5807
1093	0.4969
1094	0.4972
1095	0.4936
1096	0.5334
1097	0.5777
1098	0.6699
1099	0.6822
1100	0.6494
1101	0.8013
1102	0.7365
1103	0.9064
1104	0.8412
1105	0.9017
1106	0.8449
1107	0.8601
1108	0.7885
1109	0.7414
1110	0.7226
1111	0.8183
1112	0.7783
1113	0.7818
1114	0.8283
1115	0.721
1116	0.8132
1117	0.7843
1118	0.672
1119	0.5569
1120	0.4333
1121	0.4112
1122	0.4437
1123	0.3966
1124	0.2961
1125	0.2652
1126	0.3356
1127	0.2283
1128	0.2516
1129	0.3702
1130	0.3833
1131	0.5096
1132	0.4153
1133	0.4115
1134	0.534
1135	0.5388
1136	0.5718
1137	0.7039
1138	0.5845
1139	0.6701
1140	0.7917
1141	0.8824
1142	0.8557
1143	0.8691
1144	0.8514
1145	0.9165
1146	0.9501
1147	0.9411
1148	0.8737
1149	0.909
1150	0.83
1151	0.8818
1152	0.9307
1153	0.9376
1154	0.9502
1155	0.8672
1156	0.9148
1157	0.8669
1158	0.8612
1159	0.8681
1160	0.9144
1161	0.8523
1162	0.7072
1163	0.6419
1164	0.6327
1165	0.6818
1166	0.6917
1167	0.7923
1168	0.7494
1169	0.6806
1170	0.6847
1171	0.6289
1172	0.7409
1173	0.7578
1174	0.8281
1175	0.887
1176	0.909
1177	0.8799
1178	0.8339
1179	0.8099
1180	0.8199
1181	0.6872
1182	0.7235
1183	0.6468
1184	0.6308
1185	0.6167
1186	0.5669
1187	0.6428
1188	0.6982
1189	0.4338
1190	0.4918
1191	0.3787
1192	0.4698
1193	0.5787
1194	0.6418
1195	0.5969
1196	0.7014
1197	0.745
1198	0.8286
1199	0.8234
1200	0.6277
1201	0.6347
1202	0.6753
1203	0.6854
1204	0.7013
1205	0.761
1206	0.7006
1207	0.5511
1208	0.6368
1209	0.6306
1210	0.549
1211	0.6171
1212	0.5892
1213	0.541
1214	0.4941
1215	0.4564
1216	0.6426
1217	0.6397
1218	0.7728
1219	0.8602
1220	0.8741
1221	0.8181
1222	0.7438
1223	0.713
1224	0.6519
1225	0.5311
1226	0.539
1227	0.4504
1228	0.5254
1229	0.3837
1230	0.359
1231	0.4041
1232	0.4737
1233	0.4909
1234	0.5633
1235	0.4829
1236	0.3935
1237	0.3841
1238	0.3663
1239	0.4738
1240	0.5189
1241	0.545
1242	0.6489
1243	0.5511
1244	0.6092
1245	0.5621
1246	0.5303
1247	0.6888
1248	0.6998
1249	0.7327
1250	0.7699
1251	0.665
1252	0.6266
1253	0.71
1254	0.7989
1255	0.7393
1256	0.69
1257	0.7163
1258	0.7473
1259	0.7694
1260	0.7956
1261	0.8311
1262	0.948
1263	0.97
1264	0.9702
1265	0.9876
1266	0.9193
1267	0.8857
1268	0.8293
1269	0.7946
1270	0.8442
1271	0.7826
1272	0.7063
1273	0.6203
1274	0.7261
1275	0.7158
1276	0.7879
1277	0.8143
1278	0.7721
1279	0.8285
1280	0.7883
1281	0.756
1282	0.7159
1283	0.7318
1284	0.7765
1285	0.8271
1286	0.8219
1287	0.8495
1288	0.7168
1289	0.5916
1290	0.624
1291	0.7387
1292	0.7832
1293	0.794
1294	0.8
1295	0.741
1296	0.7556
1297	0.8096
1298	0.6876
1299	0.7301
1300	0.6552
1301	0.5643
1302	0.4654
1303	0.318
1304	0.4774
1305	0.449
1306	0.3995
1307	0.3053
1308	0.2144
1309	0.2891
1310	0.3125
1311	0.3571
1312	0.456
1313	0.3934
1314	0.3362
1315	0.3317
1316	0.4663
1317	0.492
1318	0.4896
1319	0.4899
1320	0.468
1321	0.4447
1322	0.5673
1323	0.6409
1324	0.7758
1325	0.8229
1326	0.8623
1327	0.8875
1328	0.8984
1329	0.9602
1330	0.9738
1331	0.9971
1332	0.9144
1333	0.9754
1334	0.9666
1335	0.9174
1336	0.8616
1337	0.8651
1338	0.7745
1339	0.8308
1340	0.8933
1341	0.8579
1342	0.8434
1343	0.7868
1344	0.628
1345	0.6733
1346	0.6261
1347	0.662
1348	0.7013
1349	0.6693
1350	0.5986
1351	0.658
1352	0.512
1353	0.5297
1354	0.6152
1355	0.6585
1356	0.63
1357	0.7202
1358	0.6651
1359	0.655
1360	0.7195
1361	0.6863
1362	0.6944
1363	0.7026
1364	0.7088
1365	0.6469
1366	0.675
1367	0.6158
1368	0.6058
1369	0.5836
1370	0.625
1371	0.6761
1372	0.6938
1373	0.7508
1374	0.7546
1375	0.7591
1376	0.7269
1377	0.7934
1378	0.8228
1379	0.9468
1380	0.9759
1381	0.9889
1382	0.9675
1383	0.9346
1384	0.8599
1385	0.8062
1386	0.8009
1387	0.8125
1388	0.7561
1389	0.755
1390	0.8238
1391	0.8901
1392	0.8708
1393	0.9406
1394	0.8078
1395	0.8581
1396	0.904
1397	0.8792
1398	0.9088
1399	0.9901
1400	0.9873
1401	0.9936
1402	0.9974
1403	0.973
1404	0.9722
1405	0.9682
1406	0.913
1407	0.8894
1408	0.7674
1409	0.7894
1410	0.8447
1411	0.8552
1412	0.9026
1413	0.8844
1414	0.8841
1415	0.9187
1416	0.9712
1417	0.9715
1418	0.9911
1419	0.9938
1420	0.9867
1421	0.9831
1422	0.9865
1423	0.9626
1424	0.9269
1425	0.9606
1426	0.9444
1427	0.8615
1428	0.9066
1429	0.8677
1430	0.7883
1431	0.8795
1432	0.7686
1433	0.8312
1434	0.9165
1435	0.9326
1436	0.8779
1437	0.8818
1438	0.8445
1439	0.7335
1440	0.7706
1441	0.7778
1442	0.7748
1443	0.7255
1444	0.714
1445	0.7867
1446	0.767
1447	0.7487
1448	0.6587
1449	0.5071
1450	0.4673
1451	0.6273
1452	0.5303
1453	0.6272
1454	0.5923
1455	0.5978
1456	0.5227
1457	0.4971
1458	0.6091
1459	0.7219
1460	0.7507
1461	0.7644
1462	0.7336
1463	0.785
1464	0.7893
1465	0.8003
1466	0.744
1467	0.7205
1468	0.7548
1469	0.6214
1470	0.6863
1471	0.7051
1472	0.6735
1473	0.7242
1474	0.7192
1475	0.7036
1476	0.6344
1477	0.5568
1478	0.6143
1479	0.644
1480	0.6747
1481	0.6651
1482	0.5845
1483	0.5368
1484	0.4308
1485	0.4849
1486	0.5439
1487	0.5916
1488	0.5189
1489	0.4887
1490	0.5086
1491	0.5006
1492	0.477
1493	0.4809
1494	0.5253
1495	0.4733
1496	0.4237
1497	0.4383
1498	0.4029
1499	0.3545
1500	0.4832
1501	0.4714
1502	0.5681
1503	0.533
1504	0.4796
1505	0.495
1506	0.4792
1507	0.4818
1508	0.4598
1509	0.3709
1510	0.4232
1511	0.5982
1512	0.6009
1513	0.5299
1514	0.4757
1515	0.6029
1516	0.5281
1517	0.5214
1518	0.6356
1519	0.8254
1520	0.815
1521	0.7626
1522	0.7339
1523	0.6606
1524	0.6739
1525	0.6816
1526	0.6589
1527	0.4955
1528	0.4474
1529	0.5717
1530	0.6209
1531	0.5743
1532	0.483
1533	0.5412
1534	0.4541
1535	0.7053
1536	0.7378
1537	0.7061
1538	0.8411
1539	0.8199
1540	0.8526
1541	0.8437
1542	0.8557
1543	0.7982
1544	0.9068
1545	0.9347
1546	0.9327
1547	0.9445
1548	0.9764
1549	0.9889
1550	0.9659
1551	0.9307
1552	0.9635
1553	0.9542
1554	0.9091
1555	0.9125
1556	0.8612
1557	0.8528
1558	0.8408
1559	0.8942
1560	0.8797
1561	0.8912
1562	0.8049
1563	0.8459
1564	0.8888
1565	0.8694
1566	0.8329
1567	0.7959
1568	0.7522
1569	0.7239
1570	0.7254
1571	0.8535
1572	0.7845
1573	0.8881
1574	0.8772
1575	0.9215
1576	0.9207
1577	0.9262
1578	0.9303
1579	0.9493
1580	0.9147
1581	0.936
1582	0.9207
1583	0.8666
1584	0.8125
1585	0.879
1586	0.837
1587	0.814
1588	0.7771
1589	0.651
1590	0.6834
1591	0.7093
1592	0.5763
1593	0.4407
1594	0.349
1595	0.3643
1596	0.3445
1597	0.3684
1598	0.2368
1599	0.3237
1600	0.2622
1601	0.3022
1602	0.2524
1603	0.3178
1604	0.4381
1605	0.5701
1606	0.5207
1607	0.5779
1608	0.5259
1609	0.4118
1610	0.4364
1611	0.4286
1612	0.4147
1613	0.3836
1614	0.3443
1615	0.3185
1616	0.4456
1617	0.5705
1618	0.4848
1619	0.5189
1620	0.4559
1621	0.4333
1622	0.5775
1623	0.7048
1624	0.6971
1625	0.6647
1626	0.5214
1627	0.3815
1628	0.4852
1629	0.4541
1630	0.4279
1631	0.5273
1632	0.4534
1633	0.637
1634	0.7527
1635	0.6849
1636	0.5984
1637	0.4249
1638	0.5632
1639	0.6087
1640	0.6403
1641	0.6162
1642	0.6551
1643	0.73
1644	0.7196
1645	0.6793
1646	0.6939
1647	0.7458
1648	0.7297
1649	0.8035
1650	0.7761
1651	0.7963
1652	0.7847
1653	0.7656
1654	0.8191
1655	0.8687
1656	0.8509
1657	0.8683
1658	0.7743
1659	0.6825
1660	0.5469
1661	0.4833
1662	0.4344
1663	0.4247
1664	0.3782
1665	0.4171
1666	0.2668
1667	0.2366
1668	0.184
1669	0.2746
1670	0.3548
1671	0.2649
1672	0.2058
1673	0.2072
1674	0.3523
1675	0.2705
1676	0.2383
1677	0.2046
1678	0.1699
1679	0.1458
1680	0.1279
1681	0.1944
1682	0.1638
1683	0.2258
1684	0.1874
1685	0.1841
1686	0.2722
1687	0.2808
1688	0.2826
1689	0.2486
1690	0.232
1691	0.36
1692	0.3955
1693	0.3028
1694	0.3083
1695	0.3385
1696	0.3202
1697	0.3485
1698	0.4152
1699	0.419
1700	0.3515
1701	0.3933
1702	0.4375
1703	0.4955
1704	0.3499
1705	0.5234
1706	0.6963
1707	0.7391
1708	0.8178
1709	0.744
1710	0.8275
1711	0.8877
1712	0.864
1713	0.913
1714	0.8704
1715	0.9183
1716	0.9943
1717	0.9711
1718	0.9172
1719	0.9405
1720	0.9404
1721	0.8957
1722	0.9198
1723	0.9264
1724	0.8288
1725	0.8629
1726	0.8477
1727	0.8334
1728	0.8211
1729	0.8034
1730	0.5694
1731	0.6992
1732	0.5817
1733	0.6859
1734	0.6919
1735	0.701
1736	0.7946
1737	0.7511
1738	0.7678
1739	0.5549
1740	0.3789
1741	0.3599
1742	0.4634
1743	0.3831
1744	0.49
1745	0.4784
1746	0.4339
1747	0.4512
1748	0.451
1749	0.6538
1750	0.596
1751	0.5158
1752	0.4191
1753	0.5047
1754	0.5062
1755	0.4302
1756	0.4435
1757	0.5246
1758	0.4041
1759	0.4481
1760	0.5554
1761	0.4766
1762	0.4875
1763	0.5438
1764	0.6003
1765	0.6025
1766	0.5052
1767	0.4378
1768	0.537
1769	0.4717
1770	0.511
1771	0.4549
1772	0.529
1773	0.4317
1774	0.5438
1775	0.6071
1776	0.6252
1777	0.5902
1778	0.7936
1779	0.755
1780	0.7595
1781	0.6746
1782	0.7109
1783	0.7647
1784	0.7673
1785	0.722
1786	0.6449
1787	0.5486
1788	0.5682
1789	0.5174
1790	0.4957
1791	0.5826
1792	0.4242
1793	0.5622
1794	0.5143
1795	0.4792
1796	0.444
1797	0.5848
1798	0.7011
1799	0.7553
1800	0.6882
1801	0.7088
1802	0.52
1803	0.5765
1804	0.5647
1805	0.4275
1806	0.3917
1807	0.6115
1808	0.5664
1809	0.4329
1810	0.4239
1811	0.4886
1812	0.5418
1813	0.5624
1814	0.438
1815	0.5731
1816	0.7076
1817	0.7065
1818	0.7774
1819	0.7556
1820	0.6663
1821	0.5543
1822	0.6746
1823	0.7624
1824	0.73
1825	0.7367
1826	0.6784
1827	0.6508
1828	0.6292
1829	0.71
1830	0.71
1831	0.6456
1832	0.5449
1833	0.5509
1834	0.4191
1835	0.364
1836	0.424
1837	0.4998
1838	0.5687
1839	0.4315
1840	0.5018
1841	0.6365
1842	0.4926
1843	0.5215
1844	0.5007
1845	0.4523
1846	0.5835
1847	0.6077
1848	0.5635
1849	0.4284
1850	0.2886
1851	0.3674
1852	0.265
1853	0.3267
1854	0.4201
1855	0.4865
1856	0.4938
1857	0.3201
1858	0.4009
1859	0.4486
1860	0.4627
1861	0.5303
1862	0.6733
1863	0.7139
1864	0.6425
1865	0.7056
1866	0.7094
1867	0.7552
1868	0.7307
1869	0.7493
1870	0.6284
1871	0.6352
1872	0.6701
1873	0.7052
1874	0.882
1875	0.8836
1876	0.938
1877	0.9924
1878	0.9948
1879	0.9821
1880	0.9907
1881	0.9836
1882	0.9741
1883	0.9841
1884	0.9213
1885	0.8754
1886	0.7764
1887	0.6417
1888	0.6424
1889	0.7073
1890	0.6621
1891	0.5443
1892	0.5989
1893	0.7342
1894	0.779
1895	0.7596
1896	0.7889
1897	0.7975
1898	0.8445
1899	0.6902
1900	0.7028
1901	0.7725
1902	0.785
1903	0.9134
1904	0.8845
1905	0.8821
1906	0.9102
1907	0.9058
1908	0.8745
1909	0.8763
1910	0.8746
1911	0.8606
1912	0.943
1913	0.9781
1914	0.982
1915	0.9949
1916	0.9368
1917	0.9113
1918	0.8839
1919	0.8744
1920	0.8884
1921	0.8435
1922	0.821
1923	0.8394
1924	0.8614
1925	0.8186
1926	0.8825
1927	0.9373
1928	0.9801
1929	0.9943
1930	0.9649
1931	0.9985
1932	0.9923
1933	0.9707
1934	0.8369
1935	0.8831
1936	0.8341
1937	0.7877
1938	0.8246
1939	0.9106
1940	0.925
1941	0.915
1942	0.8238
1943	0.8279
1944	0.8915
1945	0.9113
1946	0.9468
1947	0.9462
1948	0.852
1949	0.8884
1950	0.9196
1951	0.9271
1952	0.9367
1953	0.9691
1954	0.988
1955	0.9781
1956	0.9752
1957	0.9739
1958	0.925
1959	0.8428
1960	0.8117
1961	0.8023
1962	0.8016
1963	0.8738
1964	0.8548
1965	0.8312
1966	0.8483
1967	0.8636
1968	0.7789
1969	0.8359
1970	0.8438
1971	0.9334
1972	0.8944
1973	0.9577
1974	0.9868
1975	0.9808
1976	0.9985
1977	0.9956
1978	0.9967
1979	0.9988
1980	0.9894
1981	0.9631
1982	0.9432
1983	0.9511
1984	0.9695
1985	0.9785
1986	0.9785
1987	0.9234
1988	0.9533
1989	0.9477
1990	0.9178
1991	0.9172
1992	0.9449
1993	0.8946
1994	0.8592
1995	0.8044
1996	0.8982
1997	0.8218
1998	0.78
1999	0.7572
2000	0.6552
1001	5.216
1002	4.296
1003	10.65
1004	9.633
1005	12.75
1006	8.775
1007	5.388
1008	8.331
1009	5.471
1010	11.96
1011	10.89
1012	11.46
1013	16.94
1014	29.51
1015	19.72
1016	28.19
1017	20.56
1018	20.91
1019	13.23
1020	23.79
1021	17.79
1022	18.19
1023	13.97
1024	18.85
1025	49.81
1026	26.39
1027	21.31
1028	32.8
1029	18.95
1030	12.06
1031	12.99
1032	24.23
1033	26.03
1034	15.72
1035	7.006
1036	5.737
1037	5.484
1038	7.276
1039	7.809
1040	6.679
1041	10.97
1042	7.741
1043	7.602
1044	6.949
1045	9.101
1046	22.33
1047	28.74
1048	66.22
1049	68.81
1050	51.59
1051	76.86
1052	62.11
1053	38.7
1054	38.69
1055	92.06
1056	93.45
1057	82.09
1058	64.38
1059	92.68
1060	74.3
1061	50.87
1062	21.96
1063	19.73
1064	34.27
1065	55.74
1066	90.35
1067	39.92
1068	96.38
1069	97.18
1070	77.02
1071	80.21
1072	68.98
1073	63.31
1074	80.0
1075	71.31
1076	96.26
1077	82.82
1078	62.87
1079	37.01
1080	96.57
1081	96.38
1082	84.52
1083	42.16
1084	50.31
1085	50.1
1086	70.33
1087	66.29
1088	96.38
1089	99.05
1090	96.3
1091	69.65
1092	77.22
1093	58.16
1094	75.09
1095	35.08
1096	74.21
1097	64.88
1098	90.53
1099	98.06
1100	72.9
1101	62.91
1102	55.48
1103	53.35
1104	55.47
1105	47.22
1106	73.96
1107	89.38
1108	81.55
1109	88.43
1110	77.84
1111	45.22
1112	24.56
1113	33.94
1114	57.05
1115	70.27
1116	70.18
1117	59.71
1118	51.92
1119	54.42
1120	90.32
1121	98.06
1122	86.13
1123	49.86
1124	69.48
1125	82.46
1126	84.6
1127	90.25
1128	56.09
1129	65.29
1130	69.28
1131	38.9
1132	73.75
1133	54.5
1134	38.48
1135	39.29
1136	37.58
1137	91.93
1138	82.44
1139	89.66
1140	98.83
1141	63.2
1142	73.93
1143	96.19
1144	69.98
1145	30.5
1146	32.19
1147	35.13
1148	44.96
1149	81.99
1150	98.46
1151	97.24
1152	88.59
1153	51.68
1154	51.12
1155	48.57
1156	50.57
1157	87.03
1158	62.73
1159	80.97
1160	68.76
1161	44.87
1162	51.94
1163	54.1
1164	77.12
1165	58.7
1166	44.35
1167	66.27
1168	55.91
1169	56.87
1170	69.72
1171	84.84
1172	58.92
1173	51.95
1174	52.22
1175	42.67
1176	33.18
1177	47.3
1178	70.72
1179	56.17
1180	31.16
1181	38.8
1182	67.63
1183	32.6
1184	78.34
1185	77.16
1186	78.97
1187	32.16
1188	33.41
1189	58.84
1190	61.92
1191	45.47
1192	20.95
1193	55.12
1194	45.8
1195	48.1
1196	49.79
1197	34.14
1198	96.14
1199	94.51
1200	77.82
1201	83.93
1202	71.06
1203	79.96
1204	37.11
1205	71.78
1206	76.32
1207	68.56
1208	75.88
1209	95.18
1210	91.8
1211	86.03
1212	80.63
1213	77.23
1214	63.34
1215	62.32
1216	94.73
1217	31.34
1218	23.32
1219	28.81
1220	38.97
1221	87.38
1222	98.66
1223	88.19
1224	56.13
1225	53.18
1226	92.15
1227	99.26
1228	82.86
1229	90.41
1230	88.92
1231	98.27
1232	86.14
1233	64.01
1234	96.61
1235	89.95
1236	69.41
1237	57.13
1238	81.95
1239	94.48
1240	76.09
1241	64.19
1242	84.38
1243	85.78
1244	40.61
1245	50.43
1246	90.3
1247	84.98
1248	95.16
1249	99.44
1250	47.25
1251	26.0
1252	27.63
1253	29.66
1254	42.39
1255	30.92
1256	30.6
1257	34.61
1258	84.35
1259	95.77
1260	95.6
1261	55.78
1262	51.59
1263	43.62
1264	22.24
1265	15.06
1266	14.11
1267	31.8
1268	43.27
1269	43.29
1270	56.74
1271	69.57
1272	76.3
1273	52.12
1274	85.86
1275	65.7
1276	78.34
1277	47.3
1278	43.97
1279	67.5
1280	64.18
1281	58.71
1282	48.36
1283	82.88
1284	60.06
1285	29.5
1286	20.32
1287	18.33
1288	20.98
1289	39.73
1290	57.73
1291	71.14
1292	78.23
1293	52.58
1294	41.63
1295	30.63
1296	24.61
1297	35.08
1298	72.28
1299	86.04
1300	89.32
1301	77.35
1302	69.95
1303	32.92
1304	27.71
1305	45.16
1306	68.04
1307	90.97
1308	88.35
1309	94.73
1310	81.79
1311	49.2
1312	50.62
1313	34.66
1314	70.89
1315	72.37
1316	62.28
1317	35.95
1318	33.78
1319	32.87
1320	17.76
1321	34.0
1322	89.83
1323	63.49
1324	77.12
1325	63.67
1326	37.01
1327	44.35
1328	69.01
1329	62.74
1330	57.84
1331	60.38
1332	88.17
1333	55.98
1334	45.62
1335	39.89
1336	54.01
1337	94.26
1338	88.89
1339	94.23
1340	99.71
1341	55.9
1342	93.58
1343	96.7
1344	58.22
1345	77.88
1346	55.52
1347	31.49
1348	83.75
1349	51.9
1350	89.51
1351	76.59
1352	75.96
1353	71.92
1354	93.66
1355	91.63
1356	70.47
1357	93.44
1358	99.86
1359	96.8
1360	91.09
1361	92.41
1362	85.52
1363	66.07
1364	45.6
1365	22.55
1366	19.73
1367	16.48
1368	14.64
1369	37.23
1370	80.38
1371	68.32
1372	67.93
1373	70.36
1374	66.11
1375	79.62
1376	79.73
1377	99.76
1378	87.44
1379	93.83
1380	82.0
1381	99.48
1382	83.5
1383	91.07
1384	97.97
1385	91.16
1386	84.91
1387	67.79
1388	53.74
1389	61.12
1390	63.45
1391	89.36
1392	95.7
1393	75.32
1394	96.03
1395	73.25
1396	67.39
1397	88.12
1398	43.18
1399	87.66
1400	61.79
1401	58.53
1402	63.76
1403	51.19
1404	63.33
1405	74.53
1406	62.57
1407	30.8
1408	28.02
1409	43.74
1410	60.26
1411	49.89
1412	83.2
1413	92.29
1414	77.42
1415	50.9
1416	43.38
1417	31.67
1418	23.01
1419	24.01
1420	15.68
1421	40.86
1422	83.58
1423	54.34
1424	95.6
1425	97.69
1426	90.51
1427	92.68
1428	85.03
1429	89.08
1430	82.74
1431	94.01
1432	69.42
1433	58.5
1434	75.71
1435	84.11
1436	58.46
1437	53.83
1438	52.17
1439	74.51
1440	73.33
1441	91.53
1442	77.02
1443	58.22
1444	45.57
1445	35.5
1446	48.76
1447	22.57
1448	25.02
1449	23.48
1450	22.51
1451	15.79
1452	16.38
1453	16.4
1454	22.66
1455	22.41
1456	24.92
1457	66.04
1458	45.01
1459	22.62
1460	24.64
1461	14.53
1462	14.96
1463	10.18
1464	13.73
1465	14.88
1466	25.68
1467	47.79
1468	54.75
1469	72.98
1470	70.37
1471	57.16
1472	42.91
1473	50.71
1474	65.13
1475	67.94
1476	51.73
1477	55.53
1478	40.15
1479	57.38
1480	72.64
1481	86.89
1482	56.63
1483	66.55
1484	64.61
1485	98.34
1486	93.55
1487	84.63
1488	74.89
1489	93.27
1490	74.51
1491	86.56
1492	83.93
1493	60.68
1494	57.83
1495	90.86
1496	95.36
1497	98.6
1498	63.55
1499	79.89
1500	76.92
1501	64.42
1502	68.3
1503	55.51
1504	76.29
1505	88.1
1506	47.13
1507	74.36
1508	74.53
1509	69.82
1510	81.15
1511	61.36
1512	64.34
1513	91.36
1514	59.69
1515	45.98
1516	41.0
1517	46.45
1518	56.75
1519	59.47
1520	74.72
1521	62.22
1522	81.68
1523	99.92
1524	25.92
1525	89.05
1526	70.08
1527	51.49
1528	55.18
1529	92.97
1530	67.95
1531	76.52
1532	54.14
1533	62.65
1534	49.71
1535	50.24
1536	37.43
1537	23.73
1538	27.49
1539	23.34
1540	29.13
1541	32.55
1542	91.49
1543	64.88
1544	54.44
1545	60.82
1546	84.22
1547	85.63
1548	93.36
1549	81.85
1550	80.03
1551	61.83
1552	36.85
1553	44.38
1554	49.65
1555	62.09
1556	77.06
1557	66.03
1558	45.11
1559	33.53
1560	59.68
1561	28.4
1562	38.14
1563	23.77
1564	40.12
1565	33.81
1566	30.88
1567	30.28
1568	34.08
1569	28.99
1570	20.83
1571	18.14
1572	28.16
1573	28.7
1574	28.43
1575	18.84
1576	21.39
1577	25.79
1578	28.03
1579	92.77
1580	81.68
1581	61.57
1582	71.07
1583	39.17
1584	41.1
1585	44.8
1586	64.65
1587	99.08
1588	92.46
1589	88.95
1590	86.59
1591	65.23
1592	63.56
1593	40.11
1594	48.25
1595	55.88
1596	70.97
1597	76.62
1598	49.13
1599	85.56
1600	45.98
1601	45.41
1602	15.77
1603	11.46
1604	7.786
1605	4.071
1606	4.969
1607	5.279
1608	40.34
1609	57.47
1610	80.53
1611	56.83
1612	47.04
1613	51.75
1614	68.43
1615	91.19
1616	96.2
1617	99.43
1618	75.54
1619	84.55
1620	52.36
1621	33.68
1622	47.35
1623	94.72
1624	98.59
1625	93.01
1626	83.04
1627	64.89
1628	39.03
1629	51.95
1630	42.66
1631	53.8
1632	63.22
1633	71.25
1634	58.88
1635	76.56
1636	59.43
1637	20.23
1638	42.85
1639	85.46
1640	91.66
1641	91.35
1642	82.64
1643	44.08
1644	31.82
1645	75.51
1646	65.71
1647	42.9
1648	32.0
1649	35.28
1650	57.01
1651	66.27
1652	91.56
1653	86.49
1654	94.44
1655	62.41
1656	57.91
1657	60.38
1658	70.42
1659	71.27
1660	34.79
1661	63.92
1662	93.87
1663	76.47
1664	17.58
1665	29.85
1666	29.08
1667	43.57
1668	33.63
1669	43.95
1670	39.16
1671	80.15
1672	57.19
1673	36.21
1674	67.3
1675	58.24
1676	44.01
1677	46.41
1678	47.07
1679	40.75
1680	45.99
1681	38.5
1682	44.4
1683	42.43
1684	46.62
1685	60.07
1686	75.22
1687	93.04
1688	72.53
1689	81.09
1690	95.61
1691	82.5
1692	86.51
1693	60.9
1694	52.67
1695	73.41
1696	90.33
1697	81.55
1698	99.75
1699	81.03
1700	39.57
1701	50.29
1702	43.22
1703	69.97
1704	66.13
1705	92.86
1706	68.94
1707	29.16
1708	35.24
1709	45.42
1710	89.5
1711	75.22
1712	44.81
1713	37.19
1714	48.24
1715	83.2
1716	76.1
1717	95.99
1718	69.74
1719	90.27
1720	81.06
1721	52.35
1722	56.08
1723	58.18
1724	33.8
1725	45.46
1726	25.04
1727	61.01
1728	31.97
1729	77.88
1730	87.99
1731	64.28
1732	78.82
1733	37.99
1734	96.95
1735	96.56
1736	52.76
1737	91.36
1738	86.35
1739	41.31
1740	90.96
1741	90.25
1742	60.4
1743	59.46
1744	63.89
1745	49.94
1746	44.69
1747	84.92
1748	71.41
1749	61.88
1750	68.47
1751	35.06
1752	43.35
1753	44.25
1754	26.59
1755	19.51
1756	32.14
1757	17.39
1758	17.82
1759	16.38
1760	14.41
1761	22.77
1762	16.67
1763	36.73
1764	37.42
1765	44.25
1766	36.65
1767	53.77
1768	50.85
1769	88.76
1770	59.17
1771	33.21
1772	75.13
1773	86.3
1774	92.96
1775	90.6
1776	89.33
1777	99.04
1778	86.12
1779	55.31
1780	57.88
1781	24.99
1782	27.86
1783	26.98
1784	48.94
1785	43.71
1786	56.05
1787	52.07
1788	37.79
1789	44.34
1790	23.84
1791	12.36
1792	12.81
1793	16.36
1794	13.03
1795	15.49
1796	15.43
1797	27.55
1798	56.75
1799	92.03
1800	91.91
1801	92.37
1802	73.02
1803	62.08
1804	94.6
1805	78.34
1806	65.55
1807	83.33
1808	81.72
1809	74.84
1810	89.54
1811	86.86
1812	73.7
1813	36.0
1814	45.73
1815	68.14
1816	45.56
1817	42.02
1818	70.02
1819	58.77
1820	23.73
1821	25.74
1822	24.14
1823	94.53
1824	48.13
1825	61.25
1826	41.27
1827	61.7
1828	51.1
1829	51.0
1830	25.04
1831	25.93
1832	37.36
1833	31.97
1834	20.31
1835	19.85
1836	20.06
1837	40.09
1838	38.39
1839	28.64
1840	20.31
1841	25.59
1842	27.79
1843	29.9
1844	26.73
1845	23.9
1846	18.46
1847	43.78
1848	43.18
1849	25.14
1850	21.17
1851	55.93
1852	53.6
1853	29.85
1854	34.22
1855	57.8
1856	56.66
1857	52.02
1858	46.65
1859	46.3
1860	33.65
1861	38.27
1862	21.99
1863	19.36
1864	13.35
1865	43.09
1866	23.61
1867	18.21
1868	21.33
1869	34.65
1870	37.38
1871	39.72
1872	30.27
1873	37.83
1874	32.31
1875	34.32
1876	46.82
1877	70.5
1878	61.76
1879	57.03
1880	70.3
1881	60.11
1882	38.64
1883	40.91
1884	41.46
1885	49.65
1886	54.71
1887	46.84
1888	75.86
1889	67.37
1890	76.3
1891	51.01
1892	54.0
1893	51.55
1894	37.89
1895	63.53
1896	50.79
1897	75.12
1898	78.73
1899	97.69
1900	89.26
1901	72.21
1902	75.92
1903	82.35
1904	64.59
1905	56.45
1906	48.08
1907	81.01
1908	33.83
1909	47.04
1910	51.09
1911	44.82
1912	42.45
1913	33.87
1914	46.18
1915	10.21
1916	9.298
1917	10.81
1918	5.786
1919	10.69
1920	11.22
1921	12.29
1922	18.28
1923	17.03
1924	29.75
1925	29.49
1926	35.81
1927	34.37
1928	29.45
1929	35.75
1930	26.86
1931	40.94
1932	33.58
1933	67.21
1934	77.78
1935	82.65
1936	71.33
1937	68.95
1938	35.99
1939	27.18
1940	21.2
1941	73.04
1942	66.33
1943	57.12
1944	76.9
1945	79.01
1946	75.44
1947	93.04
1948	81.27
1949	73.61
1950	59.13
1951	84.21
1952	63.16
1953	86.79
1954	92.05
1955	99.58
1956	83.2
1957	46.13
1958	30.26
1959	86.33
1960	92.49
1961	93.56
1962	99.97
1963	98.39
1964	68.41
1965	47.41
1966	32.86
1967	23.53
1968	19.3
1969	19.23
1970	18.62
1971	14.35
1972	16.87
1973	31.09
1974	42.69
1975	52.86
1976	53.7
1977	54.56
1978	65.72
1979	36.88
1980	48.4
1981	66.08
1982	37.32
1983	34.9
1984	17.02
1985	21.7
1986	19.54
1987	24.11
1988	22.02
1989	28.2
1990	51.86
1991	79.44
1992	54.42
1993	46.37
1994	49.47
1995	43.28
1996	86.66
1997	74.53
1998	70.02
1999	42.17
2000	50.94
